12 0.7978494625 0.5645161296875 0.8311827953125001 0.5784946234375 0.8344086015625001 0.5709677421875 0.80107526875 0.556989246875 0.7978494625 0.5645161296875
12 0.7956989250000001 0.5731182796875001 0.8290322578125 0.5870967734375 0.8322580640625 0.5795698921875 0.79892473125 0.5655913984375001 0.7956989250000001 0.5731182796875001
12 0.79247311875 0.5817204296875 0.8258064515625 0.595698925 0.8290322578125 0.58817204375 0.7956989250000001 0.5741935484375 0.79247311875 0.5817204296875
12 0.7752688171875 0.58817204375 0.8193548390625001 0.6129032265625 0.8268817203125 0.6010752687500001 0.7827956984375 0.5763440859375 0.7752688171875 0.58817204375
12 0.78817204375 0.6053763437499999 0.8161290328125 0.6215053765625 0.8204301078125 0.6139784953125 0.79247311875 0.5978494624999999 0.78817204375 0.6053763437499999
12 0.7806451609375 0.6204301078125 0.8150537640625 0.6333333328124999 0.8172043015625 0.6247311828125001 0.7827956984375 0.61182795625 0.7806451609375 0.6204301078125
12 0.7784946234375 0.6301075265625 0.80967741875 0.641935484375 0.8129032265625 0.6344086015625 0.7817204296875 0.6225806453125 0.7784946234375 0.6301075265625
12 0.7741935484375 0.648387096875 0.8064516125000001 0.656989246875 0.8086021499999999 0.650537634375 0.7763440859374999 0.641935484375 0.7741935484375 0.648387096875
12 0.7666666671875 0.655913978125 0.8032258062500001 0.6655913984375 0.8053763437500001 0.658064515625 0.7688172046874999 0.648387096875 0.7666666671875 0.655913978125
12 0.761290321875 0.6838709671875 0.7935483875 0.6956989250000001 0.7956989250000001 0.6881720437500001 0.7634408609375 0.6763440859375 0.761290321875 0.6838709671875
12 0.762365590625 0.6763440859375 0.7935483875 0.6881720437500001 0.7967741937499999 0.6806451609375 0.7655913984375 0.6688172046874999 0.762365590625 0.6763440859375
12 0.7645161296875 0.6677419359375001 0.7978494625 0.6806451609375 0.80107526875 0.6720430109375 0.7677419359375001 0.659139784375 0.7645161296875 0.6677419359375001
12 0.758064515625 0.69462365625 0.78817204375 0.7064516125 0.79247311875 0.6967741937499999 0.762365590625 0.6849462359375 0.758064515625 0.69462365625
12 0.7838709671874999 0.855913978125 0.8032258062500001 0.8634408609375 0.8268817203125 0.8064516125000001 0.8075268812499999 0.79892473125 0.7838709671874999 0.855913978125
12 0.804301075 0.7967741937499999 0.8236559140624999 0.804301075 0.847311828125 0.747311828125 0.8279569890625 0.739784946875 0.804301075 0.7967741937499999
12 0.8236559140624999 0.743010753125 0.847311828125 0.743010753125 0.847311828125 0.6784946234375 0.8236559140624999 0.6784946234375 0.8236559140624999 0.743010753125
12 0.7258064515625 0.8215053765624999 0.71182795625 0.8365591390624999 0.7645161296875 0.8838709671875 0.7784946234375 0.8688172046875 0.7258064515625 0.8215053765624999
12 0.70967741875 0.8365591390624999 0.7258064515625 0.8225806453125 0.6817204296875 0.7720430109375 0.6655913984375 0.7860215046875 0.70967741875 0.8365591390624999
8 0.737634409375 0.46989247343749996 0.5182795703124999 0.29462365625000003 0.49677419375 0.3215053765625 0.7161290328125001 0.49677419375 0.737634409375 0.46989247343749996
7 0.8075268812499999 0.462365590625 0.5612903218749999 0.26881720468750003 0.5301075265625 0.30752688125 0.7763440859374999 0.50107526875 0.8075268812499999 0.462365590625
0 0.30860215 0.2107526875 0.19032258124999998 0.3354838703125 0.6612903218749999 0.7827956984375 0.7795698921875001 0.658064515625 0.30860215 0.2107526875
16 0.8354838703125 0.4301075265625 0.6731182796875 0.30322580625 0.646236559375 0.337634409375 0.8086021499999999 0.4645161296875 0.8354838703125 0.4301075265625