1 0.548387096875 0.5150537640625 0.5784946234375 0.4860215046875 0.43870967812500006 0.343010753125 0.40860215 0.37204301093750003 0.548387096875 0.5150537640625
13 0.1731182796875 0.2161290328125 0.1838709671875 0.2064516125 0.1645161296875 0.1860215046875 0.153763440625 0.195698925 0.1731182796875 0.2161290328125
13 0.1935483875 0.2161290328125 0.2064516125 0.20537634374999997 0.154838709375 0.14946236562499998 0.141935484375 0.160215053125 0.1935483875 0.2161290328125
6 0.6258064515624999 0.548387096875 0.36666666718749996 0.7215053765625 0.38709677343750004 0.752688171875 0.646236559375 0.5795698921875 0.6258064515624999 0.548387096875
7 0.6838709671875 0.547311828125 0.4279569890625 0.7354838703125 0.45376344062499996 0.7709677421875 0.70967741875 0.5827956984375 0.6838709671875 0.547311828125
9 0.646236559375 0.6322580640625 0.59247311875 0.6655913984375 0.60322580625 0.6838709671875 0.656989246875 0.650537634375 0.646236559375 0.6322580640625
9 0.7838709671874999 0.6537634406249999 0.7333333328125 0.6860215046875 0.749462365625 0.70967741875 0.8 0.6774193546875 0.7838709671874999 0.6537634406249999
15 0.637634409375 0.78817204375 0.6258064515624999 0.7698924734375 0.5258064515624999 0.8354838703125 0.5376344093750001 0.853763440625 0.637634409375 0.78817204375
15 0.5333333328125 0.8795698921874999 0.5193548390625 0.8935483874999999 0.6150537640625 0.9892473125000001 0.6290322578125 0.9752688171875 0.5333333328125 0.8795698921874999
15 0.1892473125 0.0935483875 0.1763440859375 0.10645161249999999 0.26881720468750003 0.20107526875 0.2817204296875 0.18817204375000002 0.1892473125 0.0935483875
15 0.162365590625 0.10537634375 0.150537634375 0.11720430156249999 0.244086021875 0.2107526875 0.255913978125 0.19892473125000001 0.162365590625 0.10537634375
15 0.143010753125 0.1204301078125 0.1311827953125 0.1322580640625 0.22258064531250002 0.2258064515625 0.23440860156249999 0.2139784953125 0.143010753125 0.1204301078125