13 0.48494623593749997 0.355913978125 0.4838709671875 0.3677419359375 0.5172043015625001 0.3688172046875 0.5182795703124999 0.356989246875 0.48494623593749997 0.355913978125
13 0.5720430109375 0.3784946234375 0.559139784375 0.3784946234375 0.559139784375 0.40860215 0.5720430109375 0.40860215 0.5720430109375 0.3784946234375
13 0.5870967734375 0.32688172031249996 0.5741935484375 0.32688172031249996 0.5741935484375 0.356989246875 0.5870967734375 0.356989246875 0.5870967734375 0.32688172031249996
13 0.6225806453125 0.3225806453125 0.6086021500000001 0.3225806453125 0.6086021500000001 0.3645161296875 0.6225806453125 0.3645161296875 0.6225806453125 0.3225806453125
13 0.5193548390625 0.33440860156249996 0.4784946234375 0.33440860156249996 0.4784946234375 0.352688171875 0.5193548390625 0.352688171875 0.5193548390625 0.33440860156249996
13 0.5451612906250001 0.39247311875 0.50967741875 0.39247311875 0.50967741875 0.40860215 0.5451612906250001 0.40860215 0.5451612906250001 0.39247311875
13 0.5860215046875 0.3774193546875 0.5741935484375 0.3774193546875 0.5741935484375 0.4193548390625 0.5860215046875 0.4193548390625 0.5860215046875 0.3774193546875
13 0.6225806453125 0.3774193546875 0.6086021500000001 0.3774193546875 0.6086021500000001 0.4204301078125 0.6225806453125 0.4204301078125 0.6225806453125 0.3774193546875
9 0.6204301078125 0.50752688125 0.6204301078125 0.6247311828125001 0.6731182796875 0.6247311828125001 0.6731182796875 0.50752688125 0.6204301078125 0.50752688125
9 0.44623655937500006 0.655913978125 0.44623655937500006 0.7021505375 0.5827956984375 0.7021505375 0.5827956984375 0.655913978125 0.44623655937500006 0.655913978125
9 0.2860215046875 0.656989246875 0.2860215046875 0.70107526875 0.4204301078125 0.70107526875 0.4204301078125 0.656989246875 0.2860215046875 0.656989246875