13 0.7698924734375 0.4870967734375 0.752688171875 0.4870967734375 0.752688171875 0.5150537640625 0.7698924734375 0.5150537640625 0.7698924734375 0.4870967734375
13 0.655913978125 0.3817204296875 0.6172043015625001 0.3817204296875 0.6172043015625001 0.39247311875 0.655913978125 0.39247311875 0.655913978125 0.3817204296875
13 0.59139785 0.395698925 0.59139785 0.40967741875 0.6344086015625 0.41075268749999994 0.6344086015625 0.39677419375 0.59139785 0.395698925
13 0.6978494625 0.4021505375 0.6849462359375 0.4021505375 0.6849462359375 0.4365591390625 0.6978494625 0.4365591390625 0.6978494625 0.4021505375
13 0.7655913984375 0.354838709375 0.7516129031250001 0.354838709375 0.7516129031250001 0.38817204375 0.7655913984375 0.38817204375 0.7655913984375 0.354838709375
13 0.7301075265625 0.352688171875 0.7182795703125 0.352688171875 0.7182795703125 0.38817204375 0.7301075265625 0.38817204375 0.7301075265625 0.352688171875
13 0.6204301078125 0.3655913984375 0.5892473125000001 0.3655913984375 0.5892473125000001 0.3763440859375 0.6204301078125 0.3763440859375 0.6204301078125 0.3655913984375
13 0.6258064515624999 0.41720430156250005 0.5903225812499999 0.41720430156250005 0.5903225812499999 0.43333333281249997 0.6258064515624999 0.43333333281249997 0.6258064515624999 0.41720430156250005
13 0.7322580640624999 0.40322580625000004 0.7215053765625 0.40322580625000004 0.7215053765625 0.4344086015625 0.7322580640624999 0.4344086015625 0.7322580640624999 0.40322580625000004
13 0.7677419359375001 0.4064516125 0.756989246875 0.4064516125 0.756989246875 0.4344086015625 0.7677419359375001 0.4344086015625 0.7677419359375001 0.4064516125
9 0.7258064515625 0.5365591390625 0.7258064515625 0.6537634406249999 0.7827956984375 0.6537634406249999 0.7827956984375 0.5365591390625 0.7258064515625 0.5365591390625
9 0.554838709375 0.6806451609375 0.554838709375 0.7247311828125 0.6956989250000001 0.7247311828125 0.6956989250000001 0.6806451609375 0.554838709375 0.6806451609375
9 0.38709677343750004 0.6806451609375 0.38709677343750004 0.7268817203125 0.5258064515624999 0.7268817203125 0.5258064515624999 0.6806451609375 0.38709677343750004 0.6806451609375