13 0.5709677421875 0.5172043015625001 0.5698924734374999 0.5301075265625 0.6182795703124999 0.5301075265625 0.6193548390625 0.5172043015625001 0.5709677421875 0.5172043015625001
13 0.5698924734374999 0.49677419375 0.5688172046875 0.5107526874999999 0.6193548390625 0.51182795625 0.6204301078125 0.49784946249999995 0.5698924734374999 0.49677419375
13 0.6838709671875 0.504301075 0.6634408609375 0.504301075 0.6634408609375 0.5354838703125 0.6838709671875 0.5354838703125 0.6838709671875 0.504301075
13 0.658064515625 0.458064515625 0.646236559375 0.458064515625 0.646236559375 0.4870967734375 0.658064515625 0.4870967734375 0.658064515625 0.458064515625
13 0.7279569890625 0.456989246875 0.7161290328125001 0.456989246875 0.7161290328125001 0.4870967734375 0.7279569890625 0.4870967734375 0.7279569890625 0.456989246875
13 0.6182795703124999 0.4655913984375 0.5784946234375 0.4655913984375 0.5784946234375 0.4784946234375 0.6182795703124999 0.4784946234375 0.6182795703124999 0.4655913984375
13 0.658064515625 0.50537634375 0.644086021875 0.50537634375 0.644086021875 0.544086021875 0.658064515625 0.544086021875 0.658064515625 0.50537634375
13 0.7268817203125 0.504301075 0.7064516125 0.504301075 0.7064516125 0.539784946875 0.7268817203125 0.539784946875 0.7268817203125 0.504301075
9 0.6935483875 0.6333333328124999 0.6935483875 0.752688171875 0.741935484375 0.752688171875 0.741935484375 0.6333333328124999 0.6935483875 0.6333333328124999
9 0.5290322578125 0.7795698921875001 0.5290322578125 0.8258064515625 0.662365590625 0.8258064515625 0.662365590625 0.7795698921875001 0.5290322578125 0.7795698921875001
9 0.49247311875 0.8150537640625 0.48817204375 0.7752688171875 0.352688171875 0.7892473125 0.356989246875 0.8290322578125 0.49247311875 0.8150537640625