12 0.20752688125000002 0.30967741875 0.19892473125000001 0.30967741875 0.19892473125000001 0.3236559140625 0.20752688125000002 0.3236559140625 0.20752688125000002 0.30967741875
12 0.20860215000000001 0.33440860156249996 0.195698925 0.33440860156249996 0.195698925 0.3634408609375 0.20860215000000001 0.3634408609375 0.20860215000000001 0.33440860156249996
12 0.20860215000000001 0.3688172046875 0.195698925 0.3688172046875 0.195698925 0.39784946250000003 0.20860215000000001 0.39784946250000003 0.20860215000000001 0.3688172046875
12 0.2064516125 0.40430107499999995 0.1978494625 0.40430107499999995 0.1978494625 0.4236559140625 0.2064516125 0.4236559140625 0.2064516125 0.40430107499999995
8 0.0806451609375 0.8333333328125001 0.1247311828125 0.8354838703125 0.13870967812499999 0.5860215046875 0.09462365625 0.5838709671875 0.0806451609375 0.8333333328125001
1 0.3204301078125 0.8903225812500001 0.4129032265625 0.8860215046875 0.39139785 0.4688172046875 0.29892473124999996 0.47311827968750003 0.3204301078125 0.8903225812500001
1 0.1193548390625 0.8838709671875 0.2150537640625 0.8903225812500001 0.244086021875 0.4709677421875 0.148387096875 0.4645161296875 0.1193548390625 0.8838709671875
8 0.71182795625 0.3333333328125 0.70537634375 0.0870967734375 0.6666666671875 0.08817204375 0.6731182796875 0.33440860156249996 0.71182795625 0.3333333328125
8 0.6741935484375 0.546236559375 0.658064515625 0.7956989250000001 0.6935483875 0.7978494625 0.70967741875 0.548387096875 0.6741935484375 0.546236559375
7 0.244086021875 0.2838709671875 0.244086021875 0.80107526875 0.2860215046875 0.80107526875 0.2860215046875 0.2838709671875 0.244086021875 0.2838709671875
7 0.6107526875 0.1182795703125 0.6107526875 0.79247311875 0.6698924734375 0.79247311875 0.6698924734375 0.1182795703125 0.6107526875 0.1182795703125
10 0.556989246875 0.5139784953125 0.5344086015625 0.8268817203125 0.6086021500000001 0.8322580640625 0.6311827953125 0.5193548390625 0.556989246875 0.5139784953125