7 0.4354838703125 0.2698924734375 0.4354838703125 0.7483870968749999 0.50322580625 0.7483870968749999 0.50322580625 0.2698924734375 0.4354838703125 0.2698924734375
15 0.39032258125 0.44516129062500004 0.39032258125 0.3677419359375 0.3806451609375 0.3677419359375 0.3806451609375 0.44516129062500004 0.39032258125 0.44516129062500004
15 0.42473118281250005 0.4827956984375 0.42473118281250005 0.31290322656249997 0.40430107499999995 0.31290322656249997 0.40430107499999995 0.4827956984375 0.42473118281250005 0.4827956984375
15 0.50537634375 0.2827956984375 0.50537634375 0.455913978125 0.5279569890625 0.455913978125 0.5279569890625 0.2827956984375 0.50537634375 0.2827956984375
15 0.5354838703125 0.2752688171875 0.5354838703125 0.44946236562499997 0.556989246875 0.44946236562499997 0.556989246875 0.2752688171875 0.5354838703125 0.2752688171875
15 0.5731182796875001 0.2849462359375 0.5634408609375 0.462365590625 0.5838709671875 0.4634408609375 0.5935483875 0.2860215046875 0.5731182796875001 0.2849462359375
15 0.6021505375 0.2827956984375 0.59139785 0.455913978125 0.6086021500000001 0.456989246875 0.6193548390625 0.2838709671875 0.6021505375 0.2827956984375
15 0.6290322578125 0.2870967734375 0.6290322578125 0.456989246875 0.647311828125 0.456989246875 0.647311828125 0.2870967734375 0.6290322578125 0.2870967734375
15 0.658064515625 0.2752688171875 0.658064515625 0.447311828125 0.6752688171875 0.447311828125 0.6752688171875 0.2752688171875 0.658064515625 0.2752688171875
15 0.69247311875 0.2870967734375 0.6838709671875 0.458064515625 0.7032258062500001 0.459139784375 0.71182795625 0.28817204375 0.69247311875 0.2870967734375
15 0.7182795703125 0.2774193546875 0.7182795703125 0.447311828125 0.7354838703125 0.447311828125 0.7354838703125 0.2774193546875 0.7182795703125 0.2774193546875
15 0.746236559375 0.28064516093749997 0.746236559375 0.456989246875 0.7666666671875 0.456989246875 0.7666666671875 0.28064516093749997 0.746236559375 0.28064516093749997
15 0.5903225812499999 0.6956989250000001 0.5903225812499999 0.5215053765625 0.5763440859375 0.5215053765625 0.5763440859375 0.6956989250000001 0.5903225812499999 0.6956989250000001
15 0.6010752687500001 0.5279569890625 0.6010752687500001 0.69892473125 0.6215053765625 0.69892473125 0.6215053765625 0.5279569890625 0.6010752687500001 0.5279569890625
15 0.6354838703125 0.5182795703124999 0.6268817203125 0.6870967734375 0.646236559375 0.6881720437500001 0.654838709375 0.5193548390625 0.6354838703125 0.5182795703124999
15 0.6602150531250001 0.5311827953125 0.6602150531250001 0.6774193546875 0.6806451609375 0.6774193546875 0.6806451609375 0.5311827953125 0.6602150531250001 0.5311827953125
15 0.69139785 0.5182795703124999 0.69139785 0.6838709671875 0.71182795625 0.6838709671875 0.71182795625 0.5182795703124999 0.69139785 0.5182795703124999