12 0.1301075265625 0.9741935484375001 0.250537634375 0.9731182796875 0.250537634375 0.9462365593750001 0.1301075265625 0.947311828125 0.1301075265625 0.9741935484375001
12 0.5903225812499999 0.5258064515624999 0.539784946875 0.5258064515624999 0.539784946875 0.9215053765624999 0.5903225812499999 0.9215053765624999 0.5903225812499999 0.5258064515624999
7 0.4634408609375 0.3311827953125 0.4634408609375 0.8182795703125001 0.5354838703125 0.8182795703125001 0.5354838703125 0.3311827953125 0.4634408609375 0.3311827953125
15 0.455913978125 0.59139785 0.444086021875 0.8333333328125001 0.46666666718750005 0.8344086015625001 0.4784946234375 0.59247311875 0.455913978125 0.59139785
15 0.604301075 0.5838709671875 0.595698925 0.750537634375 0.6172043015625001 0.7516129031250001 0.6258064515624999 0.5849462359375 0.604301075 0.5838709671875
15 0.6344086015625 0.59247311875 0.6344086015625 0.761290321875 0.650537634375 0.761290321875 0.650537634375 0.59247311875 0.6344086015625 0.59247311875
15 0.6655913984375 0.5784946234375 0.656989246875 0.749462365625 0.6763440859375 0.750537634375 0.6849462359375 0.5795698921875 0.6655913984375 0.5784946234375
15 0.69139785 0.58817204375 0.69139785 0.7247311828125 0.70967741875 0.7247311828125 0.70967741875 0.58817204375 0.69139785 0.58817204375
15 0.7258064515625 0.5849462359375 0.7172043015625 0.7279569890625 0.7365591390625 0.7290322578125 0.745161290625 0.5860215046875 0.7258064515625 0.5849462359375
15 0.5354838703125 0.341935484375 0.5354838703125 0.5193548390625 0.556989246875 0.5193548390625 0.556989246875 0.341935484375 0.5354838703125 0.341935484375
15 0.5688172046875 0.33870967812499997 0.5688172046875 0.51182795625 0.5860215046875 0.51182795625 0.5860215046875 0.33870967812499997 0.5688172046875 0.33870967812499997
15 0.5978494624999999 0.354838709375 0.5978494624999999 0.5258064515624999 0.6172043015625001 0.5258064515624999 0.6172043015625001 0.354838709375 0.5978494624999999 0.354838709375
15 0.6354838703125 0.347311828125 0.6236559140625 0.5290322578125 0.639784946875 0.5301075265625 0.651612903125 0.34838709687499997 0.6354838703125 0.347311828125
15 0.6827956984375 0.5225806453125 0.6731182796875 0.345161290625 0.6526881718750001 0.346236559375 0.662365590625 0.5236559140625 0.6827956984375 0.5225806453125
15 0.69139785 0.341935484375 0.69139785 0.5150537640625 0.70752688125 0.5150537640625 0.70752688125 0.341935484375 0.69139785 0.341935484375