13 0.7354838703125 0.451612903125 0.6763440859375 0.451612903125 0.6763440859375 0.8494623656250001 0.7354838703125 0.8494623656250001 0.7354838703125 0.451612903125
7 0.6010752687500001 0.251612903125 0.6010752687500001 0.7311827953125001 0.6774193546875 0.7311827953125001 0.6774193546875 0.251612903125 0.6010752687500001 0.251612903125
0 0.2731182796875 0.8182795703125001 0.2666666671875 0.2182795703125 0.047311828125 0.2204301078125 0.053763440625000006 0.8204301078125 0.2731182796875 0.8182795703125001
15 0.551612903125 0.4236559140625 0.551612903125 0.345161290625 0.540860215625 0.345161290625 0.540860215625 0.4236559140625 0.551612903125 0.4236559140625
15 0.59139785 0.462365590625 0.5827956984375 0.2978494625 0.5634408609375 0.29892473124999996 0.5720430109375 0.4634408609375 0.59139785 0.462365590625
15 0.7322580640624999 0.2720430109375 0.7322580640624999 0.440860215625 0.753763440625 0.440860215625 0.753763440625 0.2720430109375 0.7322580640624999 0.2720430109375
15 0.760215053125 0.25913978437499996 0.760215053125 0.4279569890625 0.7827956984375 0.4279569890625 0.7827956984375 0.25913978437499996 0.760215053125 0.25913978437499996
15 0.8161290328125 0.4365591390625 0.8086021499999999 0.2677419359375 0.7860215046875 0.26881720468750003 0.7935483875 0.43763440937500003 0.8161290328125 0.4365591390625
15 0.843010753125 0.4279569890625 0.844086021875 0.25913978437499996 0.8215053765624999 0.25913978437499996 0.8204301078125 0.4279569890625 0.843010753125 0.4279569890625
15 0.8731182796875 0.44193548437499997 0.8741935484375001 0.26881720468750003 0.8516129031249999 0.26881720468750003 0.850537634375 0.44193548437499997 0.8731182796875 0.44193548437499997
15 0.7021505375 0.261290321875 0.7021505375 0.4301075265625 0.7247311828125 0.4301075265625 0.7247311828125 0.261290321875 0.7021505375 0.261290321875
15 0.760215053125 0.6677419359375001 0.760215053125 0.50107526875 0.7365591390625 0.5 0.7365591390625 0.6677419359375001 0.760215053125 0.6677419359375001
15 0.79032258125 0.6763440859375 0.7817204296875 0.50967741875 0.762365590625 0.5107526874999999 0.7709677421875 0.6774193546875 0.79032258125 0.6763440859375
15 0.7956989250000001 0.5193548390625 0.7956989250000001 0.662365590625 0.8161290328125 0.662365590625 0.8161290328125 0.5193548390625 0.7956989250000001 0.5193548390625
15 0.8279569890625 0.50967741875 0.8204301078125 0.6784946234375 0.845161290625 0.6795698921875 0.8526881718749999 0.5107526874999999 0.8279569890625 0.50967741875
15 0.6731182796875 0.262365590625 0.6666666671875 0.43333333281249997 0.69032258125 0.4344086015625 0.6967741937499999 0.26344086093749997 0.6731182796875 0.262365590625