12 0.361290321875 0.8645161296874999 0.22688172031249998 0.8645161296874999 0.22688172031249998 0.88817204375 0.361290321875 0.88817204375 0.361290321875 0.8645161296874999
12 0.062365590625 0.8247311828124999 0.0236559140625 0.8247311828124999 0.0236559140625 0.9107526874999999 0.062365590625 0.9107526874999999 0.062365590625 0.8247311828124999
7 0.70537634375 0.154838709375 0.70537634375 0.650537634375 0.753763440625 0.650537634375 0.753763440625 0.154838709375 0.70537634375 0.154838709375
15 0.643010753125 0.3655913984375 0.6344086015625 0.29139784999999996 0.6258064515624999 0.29247311875 0.6344086015625 0.36666666718749996 0.643010753125 0.3655913984375
15 0.6741935484375 0.39677419375 0.6655913984375 0.2322580640625 0.646236559375 0.23333333281250002 0.654838709375 0.39784946250000003 0.6741935484375 0.39677419375
15 0.754838709375 0.19247311875 0.754838709375 0.359139784375 0.7731182796875 0.359139784375 0.7731182796875 0.19247311875 0.754838709375 0.19247311875
15 0.7860215046875 0.2064516125 0.7860215046875 0.3731182796875 0.804301075 0.3731182796875 0.804301075 0.2064516125 0.7860215046875 0.2064516125
15 0.8150537640625 0.19139785 0.8150537640625 0.36236559062499996 0.8333333328125001 0.36236559062499996 0.8333333328125001 0.19139785 0.8150537640625 0.19139785
15 0.845161290625 0.2 0.845161290625 0.3688172046875 0.8634408609375 0.3688172046875 0.8634408609375 0.2 0.845161290625 0.2
15 0.8741935484375001 0.19247311875 0.8741935484375001 0.361290321875 0.89462365625 0.361290321875 0.89462365625 0.19247311875 0.8741935484375001 0.19247311875
15 0.7559139781249999 0.41182795624999996 0.7559139781249999 0.5827956984375 0.7763440859374999 0.5827956984375 0.7763440859374999 0.41182795624999996 0.7559139781249999 0.41182795624999996
15 0.7817204296875 0.4268817203125 0.7817204296875 0.59139785 0.804301075 0.59139785 0.804301075 0.4268817203125 0.7817204296875 0.4268817203125
15 0.8161290328125 0.43118279531250003 0.80967741875 0.5763440859375 0.8311827953125001 0.5774193546874999 0.8376344093749999 0.43225806406249995 0.8161290328125 0.43118279531250003
15 0.847311828125 0.4268817203125 0.838709678125 0.59139785 0.858064515625 0.59247311875 0.8666666671875 0.4279569890625 0.847311828125 0.4268817203125
15 0.8795698921874999 0.4150537640625 0.8634408609375 0.59139785 0.8860215046875 0.5935483875 0.9021505375000001 0.41720430156250005 0.8795698921874999 0.4150537640625
2 0.0655913984375 0.804301075 0.0645161296875 0.8623655906250001 0.3688172046875 0.8645161296874999 0.3698924734375 0.8064516125000001 0.0655913984375 0.804301075