12 0.5537634406249999 0.6354838703125 0.5215053765625 0.6354838703125 0.5215053765625 0.7215053765625 0.5537634406249999 0.7215053765625 0.5537634406249999 0.6354838703125
0 0.99892473125 0.1182795703125 0.8290322578125 0.1182795703125 0.8290322578125 0.7322580640624999 0.99892473125 0.7322580640624999 0.99892473125 0.1182795703125
12 0.045161290625 0.2 0.0204301078125 0.2 0.0204301078125 0.20537634374999997 0.045161290625 0.20537634374999997 0.045161290625 0.2
12 0.047311828125 0.1935483875 0.0215053765625 0.1935483875 0.0215053765625 0.2 0.047311828125 0.2 0.047311828125 0.1935483875
13 0.0172043015625 0.1935483875 0.09892473125 0.1935483875 0.09892473125 0.18279569843750001 0.0172043015625 0.18279569843750001 0.0172043015625 0.1935483875
12 0.254838709375 0.30967741875 0.2365591390625 0.30967741875 0.2365591390625 0.31612903281250004 0.254838709375 0.31612903281250004 0.254838709375 0.30967741875
12 0.254838709375 0.3021505375 0.2365591390625 0.3021505375 0.2365591390625 0.30860215 0.254838709375 0.30860215 0.254838709375 0.3021505375
12 0.254838709375 0.29677419375 0.2365591390625 0.29677419375 0.2365591390625 0.30322580625 0.254838709375 0.30322580625 0.254838709375 0.29677419375
12 0.254838709375 0.2827956984375 0.2365591390625 0.2827956984375 0.2365591390625 0.2892473125 0.254838709375 0.2892473125 0.254838709375 0.2827956984375
12 0.6354838703125 0.23010752656250003 0.59677419375 0.23010752656250003 0.59677419375 0.3150537640625 0.6354838703125 0.3150537640625 0.6354838703125 0.23010752656250003
13 0.261290321875 0.2139784953125 0.2365591390625 0.2139784953125 0.2365591390625 0.27634408593750004 0.261290321875 0.27634408593750004 0.261290321875 0.2139784953125
13 0.261290321875 0.39462365625 0.2365591390625 0.39462365625 0.2365591390625 0.456989246875 0.261290321875 0.456989246875 0.261290321875 0.39462365625
13 0.2860215046875 0.39462365625 0.261290321875 0.39462365625 0.261290321875 0.456989246875 0.2860215046875 0.456989246875 0.2860215046875 0.39462365625
7 0.11720430156249999 0.1698924734375 0.11720430156249999 0.48494623593749997 0.2322580640625 0.48494623593749997 0.2322580640625 0.1698924734375 0.11720430156249999 0.1698924734375
7 0.645161290625 0.1698924734375 0.645161290625 0.8978494625 0.749462365625 0.8978494625 0.749462365625 0.1698924734375 0.645161290625 0.1698924734375
2 0.554838709375 0.5720430109375 0.554838709375 0.7741935484375 0.6354838703125 0.7741935484375 0.6354838703125 0.5720430109375 0.554838709375 0.5720430109375