12 0.50322580625 0.8838709671875 0.46989247343749996 0.8838709671875 0.46989247343749996 0.89462365625 0.50322580625 0.89462365625 0.50322580625 0.8838709671875
7 0.0784946234375 0.2720430109375 0.0784946234375 0.8752688171875 0.2064516125 0.8752688171875 0.2064516125 0.2720430109375 0.0784946234375 0.2720430109375
7 0.44516129062500004 0.2645161296875 0.44516129062500004 0.7440860218750001 0.5172043015625001 0.743010753125 0.5172043015625001 0.2645161296875 0.44516129062500004 0.2645161296875
15 0.3892473125 0.36236559062499996 0.3892473125 0.4344086015625 0.39892473125 0.4344086015625 0.39892473125 0.36236559062499996 0.3892473125 0.36236559062499996
15 0.4365591390625 0.46989247343749996 0.4279569890625 0.31182795625000004 0.40860215 0.31290322656249997 0.41720430156250005 0.4709677421875 0.4365591390625 0.46989247343749996
15 0.5150537640625 0.2720430109375 0.5150537640625 0.44516129062500004 0.5376344093750001 0.44516129062500004 0.5376344093750001 0.2720430109375 0.5150537640625 0.2720430109375
15 0.548387096875 0.2655913984375 0.548387096875 0.4365591390625 0.5688172046875 0.4365591390625 0.5688172046875 0.2655913984375 0.548387096875 0.2655913984375
15 0.5774193546874999 0.2817204296875 0.5774193546874999 0.45268817187500004 0.6 0.45268817187500004 0.6 0.2817204296875 0.5774193546874999 0.2817204296875
15 0.60752688125 0.2698924734375 0.60752688125 0.447311828125 0.6279569890625 0.447311828125 0.6279569890625 0.2698924734375 0.60752688125 0.2698924734375
15 0.637634409375 0.2774193546875 0.637634409375 0.44623655937500006 0.658064515625 0.44623655937500006 0.658064515625 0.2774193546875 0.637634409375 0.2774193546875
15 0.6677419359375001 0.2666666671875 0.6677419359375001 0.4354838703125 0.6892473125 0.4354838703125 0.6892473125 0.2666666671875 0.6677419359375001 0.2666666671875
15 0.6978494625 0.2774193546875 0.6978494625 0.448387096875 0.7172043015625 0.448387096875 0.7172043015625 0.2774193546875 0.6978494625 0.2774193546875
15 0.7311827953125001 0.2698924734375 0.7225806453125 0.4344086015625 0.741935484375 0.4354838703125 0.750537634375 0.27096774218749997 0.7311827953125001 0.2698924734375
15 0.5817204296875 0.5182795703124999 0.5817204296875 0.6806451609375 0.6021505375 0.6806451609375 0.6021505375 0.5182795703124999 0.5817204296875 0.5182795703124999
15 0.6365591390625001 0.6870967734375 0.6290322578125 0.5182795703124999 0.6064516125 0.5193548390625 0.6139784953125 0.6881720437500001 0.6365591390625001 0.6870967734375
15 0.644086021875 0.50860215 0.644086021875 0.6795698921875 0.662365590625 0.6795698921875 0.662365590625 0.50860215 0.644086021875 0.50860215
15 0.6720430109375 0.5215053765625 0.6720430109375 0.6688172046874999 0.69247311875 0.6688172046874999 0.69247311875 0.5215053765625 0.6720430109375 0.5215053765625
15 0.70107526875 0.50860215 0.70107526875 0.6752688171875 0.7236559140625001 0.6752688171875 0.7236559140625001 0.50860215 0.70107526875 0.50860215