12 0.45268817187500004 0.355913978125 0.444086021875 0.355913978125 0.444086021875 0.3709677421875 0.45268817187500004 0.3709677421875 0.45268817187500004 0.355913978125
12 0.444086021875 0.356989246875 0.4354838703125 0.356989246875 0.4354838703125 0.3752688171875 0.444086021875 0.3752688171875 0.444086021875 0.356989246875
12 0.46129032187499996 0.9075268812499999 0.243010753125 0.9075268812499999 0.243010753125 0.9333333328125001 0.46129032187499996 0.9333333328125001 0.46129032187499996 0.9075268812499999
12 0.20967741874999998 0.295698925 0.1290322578125 0.295698925 0.1290322578125 0.6526881718750001 0.20967741874999998 0.6526881718750001 0.20967741874999998 0.295698925
7 0.6053763437499999 0.2892473125 0.6053763437499999 0.7677419359375001 0.6795698921875 0.7677419359375001 0.6795698921875 0.2892473125 0.6053763437499999 0.2892473125
15 0.5806451609375001 0.3354838703125 0.5806451609375001 0.49677419375 0.59677419375 0.49677419375 0.59677419375 0.3354838703125 0.5806451609375001 0.3354838703125
15 0.6806451609375 0.2978494625 0.6806451609375 0.4688172046875 0.69892473125 0.4688172046875 0.69892473125 0.2978494625 0.6806451609375 0.2978494625
15 0.7129032265624999 0.29462365625000003 0.7129032265624999 0.4655913984375 0.7311827953125001 0.4655913984375 0.7311827953125001 0.29462365625000003 0.7129032265624999 0.29462365625000003
15 0.7440860218750001 0.30645161249999997 0.7354838703125 0.47526881718749997 0.756989246875 0.4763440859375 0.7655913984375 0.30752688125 0.7440860218750001 0.30645161249999997
15 0.7698924734375 0.29892473124999996 0.7709677421875 0.47419354843750006 0.79139785 0.47419354843750006 0.79032258125 0.29892473124999996 0.7698924734375 0.29892473124999996
15 0.8 0.29892473124999996 0.8 0.47419354843750006 0.8204301078125 0.47419354843750006 0.8204301078125 0.29892473124999996 0.8 0.29892473124999996
15 0.8311827953125001 0.29139784999999996 0.8311827953125001 0.4645161296875 0.8516129031249999 0.4645161296875 0.8516129031249999 0.29139784999999996 0.8311827953125001 0.29139784999999996
15 0.8655913984374999 0.30645161249999997 0.856989246875 0.47741935468749996 0.8784946234375001 0.4784946234375 0.8870967734375 0.30752688125 0.8655913984374999 0.30645161249999997
15 0.9150537640625 0.462365590625 0.9064516125000001 0.295698925 0.8870967734375 0.29677419375 0.8956989249999999 0.4634408609375 0.9150537640625 0.462365590625
15 0.7677419359375001 0.7021505375 0.761290321875 0.5376344093750001 0.737634409375 0.538709678125 0.7440860218750001 0.7032258062500001 0.7677419359375001 0.7021505375
15 0.7720430109375 0.5419354843749999 0.7720430109375 0.7129032265624999 0.7935483875 0.7129032265624999 0.7935483875 0.5419354843749999 0.7720430109375 0.5419354843749999
15 0.8032258062500001 0.5322580640625 0.8032258062500001 0.7032258062500001 0.8247311828124999 0.7032258062500001 0.8247311828124999 0.5322580640625 0.8032258062500001 0.5322580640625
15 0.8376344093749999 0.5376344093750001 0.8301075265625 0.6720430109375 0.850537634375 0.6731182796875 0.858064515625 0.538709678125 0.8376344093749999 0.5376344093750001
15 0.8612903218750001 0.5354838703125 0.8612903218750001 0.6784946234375 0.8827956984374999 0.6784946234375 0.8827956984374999 0.5354838703125 0.8612903218750001 0.5354838703125