6 0.5860215046875 0.3021505375 0.5677419359375 0.32688172031249996 0.8075268812499999 0.49784946249999995 0.8258064515625 0.47311827968750003 0.5860215046875 0.3021505375
13 0.8526881718749999 0.444086021875 0.8655913984374999 0.42580645156249997 0.7709677421875 0.360215053125 0.758064515625 0.3784946234375 0.8526881718749999 0.444086021875
6 0.30107526875 0.9655913984375 0.3236559140625 0.9344086015625 0.10537634375 0.7806451609375 0.0827956984375 0.8118279562499999 0.30107526875 0.9655913984375
13 0.60967741875 0.7161290328125001 0.6215053765625 0.7 0.5279569890625 0.6344086015625 0.5161290328125 0.650537634375 0.60967741875 0.7161290328125001
1 0.47419354843750006 0.6204301078125 0.49462365625000004 0.59247311875 0.2741935484375 0.43763440937500003 0.253763440625 0.4655913984375 0.47419354843750006 0.6204301078125
6 0.539784946875 0.8268817203125 0.555913978125 0.8032258062500001 0.3634408609375 0.6677419359375001 0.347311828125 0.69139785 0.539784946875 0.8268817203125
6 0.5634408609375 0.8053763437500001 0.5806451609375001 0.7795698921875001 0.4 0.6526881718750001 0.3827956984375 0.6784946234375 0.5634408609375 0.8053763437500001
6 0.5870967734375 0.7827956984375 0.6053763437499999 0.758064515625 0.4344086015625 0.638709678125 0.4161290328125 0.6634408609375 0.5870967734375 0.7827956984375
6 0.1752688171875 0.454838709375 0.159139784375 0.4784946234375 0.37956989218750004 0.6290322578125 0.395698925 0.6053763437499999 0.1752688171875 0.454838709375
6 0.5688172046875 0.33010752656250003 0.5526881718750001 0.352688171875 0.7731182796875 0.50860215 0.7892473125 0.4860215046875 0.5688172046875 0.33010752656250003
7 0.9182795703125001 0.48817204375 0.28064516093749997 0.0365591390625 0.258064515625 0.0688172046875 0.8956989249999999 0.5204301078125 0.9182795703125001 0.48817204375
7 0.662365590625 0.7483870968749999 0.22258064531250002 0.44516129062500004 0.20215053749999998 0.47526881718749997 0.641935484375 0.7784946234375 0.662365590625 0.7483870968749999
6 0.3860215046875 0.0290322578125 0.346236559375 0.0849462359375 0.6741935484375 0.3193548390625 0.7139784953125 0.26344086093749997 0.3860215046875 0.0290322578125
6 0.250537634375 0.059139784375000004 0.2279569890625 0.09247311875 0.48924731250000003 0.2677419359375 0.51182795625 0.23440860156249999 0.250537634375 0.059139784375000004
6 0.22258064531250002 0.0849462359375 0.20107526875 0.1182795703125 0.46129032187499996 0.295698925 0.4827956984375 0.262365590625 0.22258064531250002 0.0849462359375