10 0.30430107500000003 0.24193548437499998 0.3279569890625 0.20752688125000002 0.1107526875 0.054838709375 0.0870967734375 0.0892473125 0.30430107500000003 0.24193548437499998
13 0.6731182796875 0.359139784375 0.6860215046875 0.34408602187500004 0.6129032265625 0.2838709671875 0.6 0.29892473124999996 0.6731182796875 0.359139784375
13 0.8677419359374999 0.458064515625 0.8806451609374999 0.440860215625 0.7838709671874999 0.3677419359375 0.7709677421875 0.3849462359375 0.8677419359374999 0.458064515625
1 0.5139784953125 0.7311827953125001 0.544086021875 0.6881720437500001 0.42580645156249997 0.6021505375 0.395698925 0.645161290625 0.5139784953125 0.7311827953125001
6 0.3709677421875 0.6301075265625 0.38709677343750004 0.6064516125 0.19462365625 0.4709677421875 0.1784946234375 0.49462365625000004 0.3709677421875 0.6301075265625
6 0.3860215046875 0.60752688125 0.4021505375 0.5860215046875 0.21182795625 0.45268817187500004 0.195698925 0.47419354843750006 0.3860215046875 0.60752688125
7 0.7172043015625 0.447311828125 0.161290321875 0.0354838703125 0.140860215625 0.0645161296875 0.6967741937499999 0.4763440859375 0.7172043015625 0.447311828125
15 0.36236559062499996 0.246236559375 0.355913978125 0.255913978125 0.4655913984375 0.33010752656250003 0.4720430109375 0.3204301078125 0.36236559062499996 0.246236559375
15 0.5903225812499999 0.29247311875 0.5827956984375 0.3021505375 0.6827956984375 0.3784946234375 0.69032258125 0.3688172046875 0.5903225812499999 0.29247311875
15 0.5709677421875 0.30860215 0.5634408609375 0.3182795703125 0.6677419359375001 0.39677419375 0.6752688171875 0.38709677343750004 0.5709677421875 0.30860215
15 0.548387096875 0.37956989218750004 0.5419354843749999 0.39139785 0.655913978125 0.456989246875 0.662365590625 0.44516129062500004 0.548387096875 0.37956989218750004