13 0.904301075 0.462365590625 0.9161290328125 0.447311828125 0.8182795703125001 0.3784946234375 0.8064516125000001 0.3935483875 0.904301075 0.462365590625
6 0.3354838703125 0.24516129062499997 0.359139784375 0.20967741874999998 0.139784946875 0.062365590625 0.1161290328125 0.0978494625 0.3354838703125 0.24516129062499997
1 0.3784946234375 0.6129032265625 0.40752688125000003 0.5731182796875001 0.2838709671875 0.4860215046875 0.254838709375 0.5258064515624999 0.3784946234375 0.6129032265625
1 0.551612903125 0.737634409375 0.5795698921875 0.6978494625 0.456989246875 0.6107526875 0.4290322578125 0.650537634375 0.551612903125 0.737634409375
7 0.758064515625 0.44623655937500006 0.19247311875 0.050537634374999994 0.1709677421875 0.0827956984375 0.7365591390625 0.4784946234375 0.758064515625 0.44623655937500006
15 0.238709678125 0.058064515625 0.2322580640625 0.0666666671875 0.346236559375 0.150537634375 0.352688171875 0.141935484375 0.238709678125 0.058064515625
15 0.39677419375 0.1709677421875 0.39247311875 0.1774193546875 0.5129032265625 0.2655913984375 0.5172043015625001 0.25913978437499996 0.39677419375 0.1709677421875
15 0.643010753125 0.11182795625 0.638709678125 0.1193548390625 0.756989246875 0.1978494625 0.761290321875 0.19032258124999998 0.643010753125 0.11182795625
15 0.6021505375 0.3172043015625 0.59677419375 0.3247311828125 0.7032258062500001 0.39892473125 0.70860215 0.39139785 0.6021505375 0.3172043015625
15 0.5849462359375 0.38817204375 0.5806451609375001 0.395698925 0.69892473125 0.4655913984375 0.7032258062500001 0.458064515625 0.5849462359375 0.38817204375
15 0.559139784375 0.4 0.5526881718750001 0.41075268749999994 0.6838709671875 0.4838709671875 0.69032258125 0.47311827968750003 0.559139784375 0.4
15 0.5526881718750001 0.42580645156249997 0.548387096875 0.4344086015625 0.6688172046874999 0.50107526875 0.6731182796875 0.49247311875 0.5526881718750001 0.42580645156249997