13 0.960215053125 0.43870967812500006 0.9688172046875 0.4268817203125 0.9064516125000001 0.3827956984375 0.8978494625 0.39462365625 0.960215053125 0.43870967812500006
13 0.9731182796875 0.4709677421875 0.9838709671875 0.455913978125 0.8827956984374999 0.3849462359375 0.8720430109375 0.4 0.9731182796875 0.4709677421875
13 0.46989247343749996 0.645161290625 0.4935483875 0.6139784953125 0.2827956984375 0.458064515625 0.25913978437499996 0.48924731250000003 0.46989247343749996 0.645161290625
7 0.8139784953125 0.451612903125 0.254838709375 0.054838709375 0.23763440937500002 0.0795698921875 0.7967741937499999 0.4763440859375 0.8139784953125 0.451612903125
7 0.9236559140624999 0.6021505375 0.7978494625 0.5150537640625 0.78817204375 0.5290322578125 0.9139784953125 0.6161290328125 0.9236559140624999 0.6021505375
7 0.9956989249999999 0.50860215 0.845161290625 0.40430107499999995 0.8344086015625001 0.4204301078125 0.9849462359375 0.5247311828125001 0.9956989249999999 0.50860215
15 0.7161290328125001 0.1247311828125 0.71182795625 0.1322580640625 0.8258064515625 0.20860215000000001 0.8301075265625 0.20107526875 0.7161290328125001 0.1247311828125
15 0.4720430109375 0.1892473125 0.4655913984375 0.19892473125000001 0.5795698921875 0.2752688171875 0.5860215046875 0.2655913984375 0.4720430109375 0.1892473125
15 0.4688172046875 0.258064515625 0.4634408609375 0.2666666671875 0.5827956984375 0.34838709687499997 0.58817204375 0.339784946875 0.4688172046875 0.258064515625
15 0.44946236562499997 0.2774193546875 0.44516129062500004 0.2849462359375 0.5677419359375 0.361290321875 0.5720430109375 0.353763440625 0.44946236562499997 0.2774193546875
15 0.6741935484375 0.3258064515625 0.6688172046874999 0.3333333328125 0.7795698921875001 0.4161290328125 0.7849462359375 0.40860215 0.6741935484375 0.3258064515625
15 0.6655913984375 0.39462365625 0.6602150531250001 0.40322580625000004 0.7774193546875 0.4827956984375 0.7827956984375 0.47419354843750006 0.6655913984375 0.39462365625
1 0.20107526875 0.060215053124999994 0.1784946234375 0.09247311875 0.39247311875 0.24516129062499997 0.4150537640625 0.2129032265625 0.20107526875 0.060215053124999994