6 0.558064515625 0.256989246875 0.5774193546874999 0.2311827953125 0.40537634375 0.10860215 0.3860215046875 0.1344086015625 0.558064515625 0.256989246875
6 0.5354838703125 0.2817204296875 0.5537634406249999 0.255913978125 0.37204301093750003 0.1268817203125 0.353763440625 0.152688171875 0.5354838703125 0.2817204296875
13 0.8322580640625 0.6537634406249999 0.844086021875 0.6365591390625001 0.7483870968749999 0.5655913984375001 0.7365591390625 0.5827956984375 0.8322580640625 0.6537634406249999
13 0.5817204296875 0.19139785 0.59462365625 0.17204301093750002 0.49784946249999995 0.10752688125000001 0.48494623593749997 0.1268817203125 0.5817204296875 0.19139785
13 0.59677419375 0.17419354843749998 0.60967741875 0.154838709375 0.5129032265625 0.09032258125 0.5 0.10967741875 0.59677419375 0.17419354843749998
7 0.6860215046875 0.6333333328124999 0.12258064531249999 0.243010753125 0.10322580625 0.2698924734375 0.6666666671875 0.6602150531250001 0.6860215046875 0.6333333328124999
15 0.1677419359375 0.24516129062499997 0.159139784375 0.256989246875 0.260215053125 0.3333333328125 0.26881720468750003 0.3215053765625 0.1677419359375 0.24516129062499997
15 0.34408602187500004 0.37419354843749997 0.337634409375 0.3827956984375 0.443010753125 0.46021505312500005 0.44946236562499997 0.451612903125 0.34408602187500004 0.37419354843749997
15 0.355913978125 0.458064515625 0.350537634375 0.46666666718750005 0.450537634375 0.5354838703125 0.455913978125 0.5268817203125 0.355913978125 0.458064515625
15 0.337634409375 0.47526881718749997 0.3322580640625 0.4827956984375 0.4344086015625 0.548387096875 0.43978494687499997 0.540860215625 0.337634409375 0.47526881718749997
15 0.504301075 0.5698924734374999 0.49677419375 0.5806451609375001 0.6182795703124999 0.6537634406249999 0.6258064515624999 0.643010753125 0.504301075 0.5698924734374999
15 0.5634408609375 0.29892473124999996 0.558064515625 0.30752688125 0.6795698921875 0.3892473125 0.6849462359375 0.3806451609375 0.5634408609375 0.29892473124999996