13 0.7172043015625 0.7591397843750001 0.7279569890625 0.7440860218750001 0.637634409375 0.6817204296875 0.6268817203125 0.6967741937499999 0.7172043015625 0.7591397843750001
13 0.7333333328125 0.745161290625 0.743010753125 0.7301075265625 0.651612903125 0.6677419359375001 0.641935484375 0.6827956984375 0.7333333328125 0.745161290625
13 0.30967741875 0.4645161296875 0.3193548390625 0.450537634375 0.2236559140625 0.3849462359375 0.2139784953125 0.39892473125 0.30967741875 0.4645161296875
13 0.3215053765625 0.450537634375 0.3322580640625 0.4354838703125 0.2354838703125 0.3688172046875 0.22473118281249999 0.38387096718749997 0.3215053765625 0.450537634375
6 0.4225806453125 0.8333333328125001 0.20215053749999998 0.8333333328125001 0.20215053749999998 0.9956989249999999 0.4225806453125 0.9956989249999999 0.4225806453125 0.8333333328125001
6 0.9731182796875 0.5064516125 0.99139785 0.4827956984375 0.8118279562499999 0.35161290312500004 0.7935483875 0.3752688171875 0.9731182796875 0.5064516125
6 0.6881720437500001 0.343010753125 0.6612903218749999 0.3817204296875 0.8989247312499999 0.549462365625 0.9258064515625 0.5107526874999999 0.6881720437500001 0.343010753125
6 0.4301075265625 0.662365590625 0.4150537640625 0.6860215046875 0.6322580640625 0.8344086015625001 0.647311828125 0.8107526875 0.4301075265625 0.662365590625
7 0.7935483875 0.80967741875 0.045161290625 0.28064516093749997 0.015053764062499999 0.3236559140625 0.7634408609375 0.8526881718749999 0.7935483875 0.80967741875
7 0.99139785 0.5258064515624999 0.40322580625000004 0.09032258125 0.3827956984375 0.1193548390625 0.9709677421875 0.554838709375 0.99139785 0.5258064515624999
1 0.3172043015625 0.5301075265625 0.038709678125 0.33440860156249996 0.01182795625 0.3731182796875 0.29032258125 0.5688172046875 0.3172043015625 0.5301075265625
6 0.3688172046875 0.10645161249999999 0.340860215625 0.14731182812500002 0.59247311875 0.3236559140625 0.6204301078125 0.2827956984375 0.3688172046875 0.10645161249999999
6 0.44623655937500006 0.6225806453125 0.42473118281250005 0.654838709375 0.6741935484375 0.8290322578125 0.6956989250000001 0.7967741937499999 0.44623655937500006 0.6225806453125