13 0.5182795703124999 0.804301075 0.5419354843749999 0.7698924734375 0.30967741875 0.6086021500000001 0.2860215046875 0.643010753125 0.5182795703124999 0.804301075
13 0.69032258125 0.6053763437499999 0.71182795625 0.5741935484375 0.4860215046875 0.41827957031249996 0.4645161296875 0.44946236562499997 0.69032258125 0.6053763437499999
6 0.7784946234375 0.1247311828125 0.7645161296875 0.146236559375 0.9827956984374999 0.29247311875 0.99677419375 0.27096774218749997 0.7784946234375 0.1247311828125
7 0.856989246875 0.562365590625 0.10860215 0.055913978125 0.0849462359375 0.09139785 0.8333333328125001 0.5978494624999999 0.856989246875 0.562365590625
7 0.8817204296875 0.9655913984375 0.347311828125 0.5892473125000001 0.32688172031249996 0.6172043015625001 0.8612903218750001 0.9935483875 0.8817204296875 0.9655913984375
15 0.39247311875 0.59677419375 0.3860215046875 0.6053763437499999 0.504301075 0.69139785 0.5107526874999999 0.6827956984375 0.39247311875 0.59677419375
15 0.5677419359375 0.7225806453125 0.5634408609375 0.7290322578125 0.6838709671875 0.8172043015625 0.6881720437500001 0.8107526875 0.5677419359375 0.7225806453125
15 0.80107526875 0.654838709375 0.7967741937499999 0.662365590625 0.9172043015625 0.7408602156249999 0.9215053765624999 0.7333333328125 0.80107526875 0.654838709375
6 0.2064516125 0.00967741875 0.161290321875 0.0709677421875 0.5698924734374999 0.3688172046875 0.6150537640625 0.30752688125 0.2064516125 0.00967741875
6 0.095698925 0.0806451609375 0.0720430109375 0.1139784953125 0.3150537640625 0.29139784999999996 0.33870967812499997 0.258064515625 0.095698925 0.0806451609375
6 0.50860215 0.3827956984375 0.4860215046875 0.4161290328125 0.7344086015625 0.5892473125000001 0.756989246875 0.555913978125 0.50860215 0.3827956984375