12 0.23978494687500002 0.32688172031249996 0.30752688125 0.3172043015625 0.30430107500000003 0.29677419375 0.2365591390625 0.30645161249999997 0.23978494687500002 0.32688172031249996
6 0.10860215 0.0838709671875 0.09032258125 0.10860215 0.295698925 0.2645161296875 0.3139784953125 0.23978494687500002 0.10860215 0.0838709671875
7 0.9064516125000001 0.5602150531250001 0.1784946234375 0.037634409375 0.14946236562499998 0.0784946234375 0.8774193546875001 0.6010752687500001 0.9064516125000001 0.5602150531250001
7 0.9462365593750001 0.9731182796875 0.40860215 0.5860215046875 0.3892473125 0.61182795625 0.9268817203124999 0.99892473125 0.9462365593750001 0.9731182796875
15 0.8666666671875 0.655913978125 0.8623655906250001 0.662365590625 0.9763440859375001 0.737634409375 0.9806451609375 0.7311827953125001 0.8666666671875 0.655913978125
15 0.6161290328125 0.7193548390625 0.60967741875 0.7290322578125 0.7258064515625 0.8032258062500001 0.7322580640624999 0.7935483875 0.6161290328125 0.7193548390625
15 0.59892473125 0.8053763437500001 0.59139785 0.8193548390625001 0.7129032265624999 0.8892473125 0.7204301078124999 0.8752688171875 0.59892473125 0.8053763437500001
15 0.6225806453125 0.7935483875 0.6161290328125 0.804301075 0.7301075265625 0.8752688171875 0.7365591390625 0.8645161296874999 0.6225806453125 0.7935483875
15 0.8215053765624999 0.860215053125 0.8150537640625 0.8698924734375 0.956989246875 0.9655913984375 0.9634408609375 0.955913978125 0.8215053765624999 0.860215053125
6 0.2677419359375 0.00107526875 0.2258064515625 0.054838709375 0.6354838703125 0.3731182796875 0.6774193546875 0.3193548390625 0.2677419359375 0.00107526875
1 0.34838709687499997 0.59247311875 0.3258064515625 0.6247311828125001 0.5419354843749999 0.7752688171875 0.5645161296875 0.743010753125 0.34838709687499997 0.59247311875
1 0.161290321875 0.08817204375 0.141935484375 0.1139784953125 0.30537634375 0.23010752656250003 0.3247311828125 0.204301075 0.161290321875 0.08817204375
6 0.5752688171875 0.3774193546875 0.550537634375 0.4129032265625 0.7967741937499999 0.5860215046875 0.8215053765624999 0.550537634375 0.5752688171875 0.3774193546875
6 0.544086021875 0.40537634375 0.5215053765625 0.43763440937500003 0.7720430109375 0.61182795625 0.79462365625 0.5795698921875 0.544086021875 0.40537634375