1 0.2215053765625 0.7150537640625 0.21935483906250003 0.7741935484375 0.462365590625 0.7795698921875001 0.4645161296875 0.7204301078124999 0.2215053765625 0.7150537640625
7 0.2182795703125 0.10430107500000001 0.2182795703125 0.1247311828125 0.5064516125 0.1344086015625 0.5064516125 0.1139784953125 0.2182795703125 0.10430107500000001
7 0.20752688125000002 0.23763440937500002 0.20752688125000002 0.261290321875 0.6784946234375 0.2698924734375 0.6784946234375 0.246236559375 0.20752688125000002 0.23763440937500002
7 0.19892473125000001 0.359139784375 0.19892473125000001 0.3784946234375 0.6698924734375 0.395698925 0.6698924734375 0.3763440859375 0.19892473125000001 0.359139784375
7 0.19677419375 0.4870967734375 0.19677419375 0.50967741875 0.6634408609375 0.5279569890625 0.6634408609375 0.50537634375 0.19677419375 0.4870967734375
7 0.1892473125 0.6172043015625001 0.1892473125 0.637634409375 0.6150537640625 0.649462365625 0.6150537640625 0.6290322578125 0.1892473125 0.6172043015625001
7 0.1838709671875 0.7677419359375001 0.1838709671875 0.7892473125 0.6053763437499999 0.804301075 0.6053763437499999 0.7827956984375 0.1838709671875 0.7677419359375001
7 0.1645161296875 0.9215053765624999 0.1645161296875 0.9397849468749999 0.59677419375 0.955913978125 0.59677419375 0.937634409375 0.1645161296875 0.9215053765624999
10 0.20752688125000002 0.253763440625 0.2064516125 0.30967741875 0.6333333328124999 0.3247311828125 0.6344086015625 0.26881720468750003 0.20752688125000002 0.253763440625
10 0.20860215000000001 0.43333333281249997 0.2064516125 0.49139784999999997 0.643010753125 0.5129032265625 0.645161290625 0.454838709375 0.20860215000000001 0.43333333281249997
2 0.2161290328125 0.50967741875 0.2150537640625 0.558064515625 0.5795698921875 0.5720430109375 0.5806451609375001 0.5236559140625 0.2161290328125 0.50967741875