12 0.6870967734375 0.30322580625 0.71182795625 0.3236559140625 0.7666666671875 0.255913978125 0.741935484375 0.2354838703125 0.6870967734375 0.30322580625
12 0.7107526875 0.38817204375 0.7193548390625 0.395698925 0.747311828125 0.36666666718749996 0.738709678125 0.359139784375 0.7107526875 0.38817204375
12 0.754838709375 0.33870967812499997 0.7655913984375 0.34838709687499997 0.8 0.3107526875 0.7892473125 0.30107526875 0.754838709375 0.33870967812499997
12 0.6677419359375001 0.248387096875 0.6892473125 0.2666666671875 0.79032258125 0.151612903125 0.7688172046874999 0.13333333281249998 0.6677419359375001 0.248387096875
7 0.7129032265624999 0.0731182796875 0.546236559375 0.2655913984375 0.562365590625 0.2795698921875 0.7290322578125 0.0870967734375 0.7129032265624999 0.0731182796875
7 0.8150537640625 0.14946236562499998 0.80107526875 0.1365591390625 0.6301075265625 0.3322580640625 0.644086021875 0.345161290625 0.8150537640625 0.14946236562499998
15 0.1784946234375 0.4838709671875 0.17204301093750002 0.4763440859375 0.047311828125 0.59139785 0.053763440625000006 0.59892473125 0.1784946234375 0.4838709671875
15 0.5688172046875 0.5537634406249999 0.5602150531250001 0.546236559375 0.43978494687499997 0.6741935484375 0.448387096875 0.6817204296875 0.5688172046875 0.5537634406249999
9 0.451612903125 0.23010752656250003 0.41182795624999996 0.19892473125000001 0.4 0.2129032265625 0.43978494687499997 0.244086021875 0.451612903125 0.23010752656250003
9 0.2666666671875 0.5795698921875 0.23440860156249999 0.6139784953125 0.24731182812500002 0.6268817203125 0.2795698921875 0.59247311875 0.2666666671875 0.5795698921875
9 0.19892473125000001 0.6268817203125 0.1677419359375 0.6688172046874999 0.1838709671875 0.6806451609375 0.2150537640625 0.638709678125 0.19892473125000001 0.6268817203125