13 0.3139784953125 0.456989246875 0.345161290625 0.47741935468749996 0.44516129062500004 0.3236559140625 0.41397849531249997 0.30322580625 0.3139784953125 0.456989246875
13 0.0709677421875 0.40860215 0.12365591406250001 0.44193548437499997 0.3290322578125 0.1161290328125 0.27634408593750004 0.0827956984375 0.0709677421875 0.40860215
7 0.5827956984375 0.341935484375 0.260215053125 0.847311828125 0.30967741875 0.8795698921874999 0.6322580640625 0.37419354843749997 0.5827956984375 0.341935484375
7 0.40967741875 0.17419354843749998 0.20322580625 0.49032258124999994 0.261290321875 0.5290322578125 0.4677419359375 0.2129032265625 0.40967741875 0.17419354843749998
7 0.2322580640625 0.0774193546875 0.0354838703125 0.38817204375 0.0666666671875 0.40860215 0.26344086093749997 0.0978494625 0.2322580640625 0.0774193546875
7 0.1290322578125 0.1258064515625 0.00107526875 0.32688172031249996 0.0236559140625 0.340860215625 0.151612903125 0.139784946875 0.1290322578125 0.1258064515625
5 0.2860215046875 0.49677419375 0.11720430156249999 0.7559139781249999 0.144086021875 0.7741935484375 0.31290322656249997 0.5150537640625 0.2860215046875 0.49677419375
6 0.358064515625 0.1860215046875 0.1978494625 0.4268817203125 0.2290322578125 0.448387096875 0.3892473125 0.20752688125000002 0.358064515625 0.1860215046875
6 0.3784946234375 0.5720430109375 0.22688172031249998 0.8064516125000001 0.260215053125 0.8279569890625 0.41182795624999996 0.5935483875 0.3784946234375 0.5720430109375
6 0.462365590625 0.639784946875 0.31612903281250004 0.8698924734375 0.350537634375 0.89139785 0.49677419375 0.6612903218749999 0.462365590625 0.639784946875
10 0.5892473125000001 0.6677419359375001 0.4150537640625 0.944086021875 0.462365590625 0.9752688171875 0.6365591390625001 0.69892473125 0.5892473125000001 0.6677419359375001