12 0.8215053765624999 0.1709677421875 0.8258064515625 0.16344086093750002 0.7892473125 0.1365591390625 0.7849462359375 0.144086021875 0.8215053765624999 0.1709677421875
12 0.8021505375 0.18494623593749998 0.8086021499999999 0.1763440859375 0.7741935484375 0.150537634375 0.7677419359375001 0.159139784375 0.8021505375 0.18494623593749998
12 0.8258064515625 0.162365590625 0.8322580640625 0.152688171875 0.7978494625 0.1279569890625 0.79139785 0.137634409375 0.8258064515625 0.162365590625
13 0.9161290328125 0.16344086093750002 0.9290322578125 0.145161290625 0.8322580640625 0.0752688171875 0.8193548390625001 0.0935483875 0.9161290328125 0.16344086093750002
13 0.9225806453125 0.4301075265625 0.9344086015625 0.440860215625 0.9870967734375 0.38709677343750004 0.9752688171875 0.3763440859375 0.9225806453125 0.4301075265625
13 0.9075268812499999 0.4236559140625 0.9182795703125001 0.4344086015625 0.9720430109375 0.3806451609375 0.9612903218750001 0.3698924734375 0.9075268812499999 0.4236559140625
13 0.8806451609374999 0.4 0.89462365625 0.4129032265625 0.960215053125 0.34408602187500004 0.9462365593750001 0.3311827953125 0.8806451609374999 0.4
13 0.8204301078125 0.358064515625 0.8333333328125001 0.3709677421875 0.9 0.3021505375 0.8870967734375 0.2892473125 0.8204301078125 0.358064515625
13 0.7849462359375 0.343010753125 0.79892473125 0.355913978125 0.838709678125 0.31290322656249997 0.8247311828124999 0.3 0.7849462359375 0.343010753125
13 0.7666666671875 0.33010752656250003 0.7817204296875 0.34408602187500004 0.8225806453125 0.3 0.8075268812499999 0.2860215046875 0.7666666671875 0.33010752656250003
13 0.6892473125 0.22258064531250002 0.70537634375 0.23333333281250002 0.7408602156249999 0.1860215046875 0.7247311828125 0.1752688171875 0.6892473125 0.22258064531250002
13 0.70752688125 0.2322580640625 0.7215053765625 0.243010753125 0.756989246875 0.195698925 0.743010753125 0.18494623593749998 0.70752688125 0.2322580640625
13 0.7225806453125 0.24193548437499998 0.738709678125 0.253763440625 0.7741935484375 0.20752688125000002 0.758064515625 0.195698925 0.7225806453125 0.24193548437499998
13 0.7408602156249999 0.252688171875 0.7559139781249999 0.2645161296875 0.79032258125 0.2182795703125 0.7752688171875 0.2064516125 0.7408602156249999 0.252688171875
13 0.7709677421875 0.5795698921875 0.8978494625 0.6064516125 0.9021505375000001 0.5860215046875 0.7752688171875 0.559139784375 0.7709677421875 0.5795698921875
13 0.7763440859374999 0.559139784375 0.90322580625 0.5860215046875 0.9075268812499999 0.5655913984375001 0.7806451609375 0.538709678125 0.7763440859374999 0.559139784375
6 0.44946236562499997 0.5021505375 0.443010753125 0.5311827953125 0.7268817203125 0.5860215046875 0.7333333328125 0.556989246875 0.44946236562499997 0.5021505375
6 0.454838709375 0.47311827968750003 0.44946236562499997 0.5021505375 0.7322580640624999 0.556989246875 0.737634409375 0.5279569890625 0.454838709375 0.47311827968750003
2 0.7956989250000001 0.9580645156250001 0.7784946234375 0.848387096875 0.752688171875 0.8526881718749999 0.7698924734375 0.962365590625 0.7956989250000001 0.9580645156250001
6 0.061290321875 0.40107526875 0.054838709375 0.43333333281249997 0.37956989218750004 0.495698925 0.3860215046875 0.4634408609375 0.061290321875 0.40107526875
6 0.055913978125 0.43225806406249995 0.048387096875 0.46989247343749996 0.3763440859375 0.5376344093750001 0.38387096718749997 0.5 0.055913978125 0.43225806406249995