12 0.5247311828125001 0.3107526875 0.7279569890625 0.248387096875 0.7182795703125 0.2182795703125 0.5150537640625 0.28064516093749997 0.5247311828125001 0.3107526875
12 0.09032258125 0.0892473125 0.1021505375 0.08817204375 0.09892473125 0.059139784375000004 0.0870967734375 0.060215053124999994 0.09032258125 0.0892473125
12 0.10107526874999999 0.0870967734375 0.11182795625 0.0870967734375 0.10967741875 0.054838709375 0.09892473125 0.054838709375 0.10107526874999999 0.0870967734375
12 0.0827956984375 0.09139785 0.09247311875 0.0892473125 0.0870967734375 0.061290321875 0.0774193546875 0.0634408609375 0.0827956984375 0.09139785
12 0.0741935484375 0.0935483875 0.0817204296875 0.09247311875 0.0763440859375 0.0634408609375 0.0688172046875 0.0645161296875 0.0741935484375 0.0935483875
12 0.0311827953125 0.039784946875 0.10645161249999999 0.0322580640625 0.10430107500000001 0.00967741875 0.0290322578125 0.0172043015625 0.0311827953125 0.039784946875
13 0.1107526875 0.2236559140625 0.1322580640625 0.2204301078125 0.1193548390625 0.1182795703125 0.0978494625 0.1215053765625 0.1107526875 0.2236559140625
13 0.137634409375 0.6021505375 0.1806451609375 0.595698925 0.146236559375 0.3247311828125 0.10322580625 0.3311827953125 0.137634409375 0.6021505375
10 0.848387096875 0.27096774218749997 0.8311827953125001 0.2161290328125 0.44623655937500006 0.3354838703125 0.4634408609375 0.39032258125 0.848387096875 0.27096774218749997
1 0.858064515625 0.650537634375 0.8354838703125 0.5784946234375 0.3634408609375 0.7236559140625001 0.3860215046875 0.7956989250000001 0.858064515625 0.650537634375
1 0.89139785 0.7258064515625 0.8688172046875 0.649462365625 0.40322580625000004 0.79247311875 0.42580645156249997 0.8688172046875 0.89139785 0.7258064515625