7 0.343010753125 0.00860215 0.343010753125 0.904301075 0.37204301093750003 0.904301075 0.37204301093750003 0.00860215 0.343010753125 0.00860215
15 0.2784946234375 0.43333333281249997 0.258064515625 0.10645161249999999 0.20537634374999997 0.10860215 0.2258064515625 0.4354838703125 0.2784946234375 0.43333333281249997
15 0.4709677421875 0.36666666718749996 0.4709677421875 0.037634409375 0.41827957031249996 0.037634409375 0.41827957031249996 0.36666666718749996 0.4709677421875 0.36666666718749996
15 0.5311827953125 0.38387096718749997 0.5311827953125 0.054838709375 0.4784946234375 0.054838709375 0.4784946234375 0.38387096718749997 0.5311827953125 0.38387096718749997
15 0.5419354843749999 0.0311827953125 0.5419354843749999 0.3677419359375 0.5892473125000001 0.3677419359375 0.58817204375 0.0311827953125 0.5419354843749999 0.0311827953125
15 0.59892473125 0.061290321875 0.59892473125 0.39784946250000003 0.647311828125 0.39784946250000003 0.647311828125 0.061290321875 0.59892473125 0.061290321875
15 0.654838709375 0.0344086015625 0.654838709375 0.37204301093750003 0.7032258062500001 0.3709677421875 0.7032258062500001 0.0344086015625 0.654838709375 0.0344086015625
15 0.4215053765625 0.47311827968750003 0.4225806453125 0.8107526875 0.46989247343749996 0.8107526875 0.46989247343749996 0.47311827968750003 0.4215053765625 0.47311827968750003
15 0.546236559375 0.48172042968750006 0.5311827953125 0.8193548390625001 0.5784946234375 0.8215053765624999 0.5935483875 0.4838709671875 0.546236559375 0.48172042968750006
15 0.6010752687500001 0.46666666718750005 0.58817204375 0.804301075 0.639784946875 0.8064516125000001 0.6526881718750001 0.4688172046875 0.6010752687500001 0.46666666718750005
15 0.654838709375 0.45376344062499996 0.640860215625 0.8021505375 0.6935483875 0.804301075 0.70752688125 0.455913978125 0.654838709375 0.45376344062499996
15 0.48817204375 0.4935483875 0.47526881718749997 0.7849462359375 0.5247311828125001 0.7860215046875 0.5376344093750001 0.49462365625000004 0.48817204375 0.4935483875