7 0.43978494687499997 0.00967741875 0.43978494687499997 0.9698924734375 0.48172042968750006 0.9698924734375 0.48172042968750006 0.00967741875 0.43978494687499997 0.00967741875
15 0.3236559140625 0.16344086093750002 0.3236559140625 0.50537634375 0.37419354843749997 0.50537634375 0.37419354843749997 0.16344086093750002 0.3236559140625 0.16344086093750002
15 0.5268817203125 0.0892473125 0.5268817203125 0.42580645156249997 0.5752688171875 0.42580645156249997 0.5752688171875 0.0892473125 0.5268817203125 0.0892473125
15 0.5774193546874999 0.1161290328125 0.5774193546874999 0.45376344062499996 0.6344086015625 0.45376344062499996 0.6344086015625 0.1161290328125 0.5774193546874999 0.1161290328125
15 0.644086021875 0.0860215046875 0.644086021875 0.43763440937500003 0.69247311875 0.43763440937500003 0.69247311875 0.0860215046875 0.644086021875 0.0860215046875
15 0.70107526875 0.10537634375 0.70107526875 0.443010753125 0.749462365625 0.44193548437499997 0.749462365625 0.10537634375 0.70107526875 0.10537634375
15 0.760215053125 0.0935483875 0.760215053125 0.4344086015625 0.8129032265625 0.4344086015625 0.8129032265625 0.0935483875 0.760215053125 0.0935483875
15 0.5236559140625 0.5182795703124999 0.5236559140625 0.854838709375 0.5784946234375 0.854838709375 0.5784946234375 0.5182795703124999 0.5236559140625 0.5182795703124999
15 0.5774193546874999 0.5419354843749999 0.5774193546874999 0.8763440859375 0.6301075265625 0.8763440859375 0.6301075265625 0.5419354843749999 0.5774193546874999 0.5419354843749999
15 0.761290321875 0.5301075265625 0.747311828125 0.8892473125 0.8 0.89139785 0.8139784953125 0.5322580640625 0.761290321875 0.5301075265625
15 0.7032258062500001 0.5376344093750001 0.6892473125 0.8860215046875 0.741935484375 0.88817204375 0.7559139781249999 0.539784946875 0.7032258062500001 0.5376344093750001
15 0.646236559375 0.555913978125 0.6344086015625 0.848387096875 0.6849462359375 0.850537634375 0.6967741937499999 0.558064515625 0.646236559375 0.555913978125