12 0.4354838703125 0.6193548390625 0.444086021875 0.6268817203125 0.47419354843750006 0.595698925 0.4655913984375 0.58817204375 0.4354838703125 0.6193548390625
12 0.4344086015625 0.643010753125 0.459139784375 0.6634408609375 0.5139784953125 0.595698925 0.48924731250000003 0.5752688171875 0.4344086015625 0.643010753125
12 0.3247311828125 0.5376344093750001 0.347311828125 0.555913978125 0.4021505375 0.48817204375 0.37956989218750004 0.46989247343749996 0.3247311828125 0.5376344093750001
12 0.038709678125 0.39462365625 0.0204301078125 0.4193548390625 0.1139784953125 0.4870967734375 0.1322580640625 0.462365590625 0.038709678125 0.39462365625
12 0.7860215046875 0.5731182796875001 0.80107526875 0.58817204375 0.8462365593750001 0.540860215625 0.8311827953125001 0.5258064515624999 0.7860215046875 0.5731182796875001
12 0.8397849468749999 0.5139784953125 0.8526881718749999 0.5268817203125 0.9 0.47741935468749996 0.8870967734375 0.4645161296875 0.8397849468749999 0.5139784953125
12 0.650537634375 0.49247311875 0.6827956984375 0.5215053765625 0.80107526875 0.38709677343750004 0.7688172046874999 0.358064515625 0.650537634375 0.49247311875
9 0.4677419359375 0.059139784375000004 0.40107526875 0.1365591390625 0.43118279531250003 0.162365590625 0.49784946249999995 0.0849462359375 0.4677419359375 0.059139784375000004
9 0.38817204375 0.144086021875 0.32688172031249996 0.2215053765625 0.353763440625 0.243010753125 0.4150537640625 0.16559139843749998 0.38817204375 0.144086021875
9 0.31290322656249997 0.2311827953125 0.248387096875 0.30752688125 0.27634408593750004 0.33010752656250003 0.340860215625 0.253763440625 0.31290322656249997 0.2311827953125
9 0.2322580640625 0.31612903281250004 0.1666666671875 0.395698925 0.1978494625 0.4215053765625 0.26344086093749997 0.341935484375 0.2322580640625 0.31612903281250004
9 0.260215053125 0.339784946875 0.2 0.4236559140625 0.2322580640625 0.447311828125 0.29247311875 0.3634408609375 0.260215053125 0.339784946875
7 0.60967741875 0.154838709375 0.29677419375 0.5301075265625 0.3215053765625 0.550537634375 0.6344086015625 0.1752688171875 0.60967741875 0.154838709375
7 0.7860215046875 0.2827956984375 0.454838709375 0.658064515625 0.48064516093750004 0.6806451609375 0.8118279562499999 0.30537634375 0.7860215046875 0.2827956984375
2 0.7268817203125 0.25913978437499996 0.5354838703125 0.47741935468749996 0.5784946234375 0.5150537640625 0.7698924734375 0.29677419375 0.7268817203125 0.25913978437499996