13 0.6290322578125 0.9333333328125001 0.6193548390625 0.9161290328125 0.50860215 0.9827956984374999 0.5182795703124999 1 0.6290322578125 0.9333333328125001
13 0.562365590625 0.9301075265625001 0.5526881718750001 0.9129032265625 0.448387096875 0.9731182796875 0.458064515625 0.9903225812500001 0.562365590625 0.9301075265625001
13 0.562365590625 0.9301075265625001 0.5526881718750001 0.9129032265625 0.448387096875 0.9731182796875 0.458064515625 0.9903225812500001 0.562365590625 0.9301075265625001
13 0.5784946234375 0.8860215046875 0.5655913984375001 0.8645161296874999 0.4193548390625 0.9483870968750001 0.43225806406249995 0.9698924734375 0.5784946234375 0.8860215046875
13 0.5526881718750001 0.8225806453125 0.539784946875 0.8 0.3827956984375 0.89139785 0.395698925 0.9139784953125 0.5526881718750001 0.8225806453125
13 0.8645161296874999 0.5215053765625 0.8225806453125 0.4634408609375 0.48817204375 0.70860215 0.5301075265625 0.7666666671875 0.8645161296874999 0.5215053765625
10 0.29032258125 0.0344086015625 0.2666666671875 0.00107526875 0.047311828125 0.150537634375 0.0709677421875 0.18494623593749998 0.29032258125 0.0344086015625
13 0.646236559375 0.42580645156249997 0.60752688125 0.3709677421875 0.355913978125 0.548387096875 0.39462365625 0.60322580625 0.646236559375 0.42580645156249997
8 0.6172043015625001 0.2752688171875 0.5903225812499999 0.2354838703125 0.2752688171875 0.447311828125 0.3021505375 0.4870967734375 0.6172043015625001 0.2752688171875
8 0.5677419359375 0.21182795625 0.5419354843749999 0.17419354843749998 0.2279569890625 0.3860215046875 0.253763440625 0.4236559140625 0.5677419359375 0.21182795625
8 0.3688172046875 0.154838709375 0.343010753125 0.1204301078125 0.145161290625 0.27096774218749997 0.1709677421875 0.30537634375 0.3688172046875 0.154838709375