2 0.4634408609375 0.6892473125 0.451612903125 0.6763440859375 0.40967741875 0.7193548390625 0.4215053765625 0.7322580640624999 0.4634408609375 0.6892473125
2 0.6892473125 0.37956989218750004 0.70752688125 0.4 0.79892473125 0.3215053765625 0.7806451609375 0.30107526875 0.6892473125 0.37956989218750004
2 0.6150537640625 0.358064515625 0.6301075265625 0.3817204296875 0.7784946234375 0.2827956984375 0.7634408609375 0.25913978437499996 0.6150537640625 0.358064515625
2 0.5311827953125 0.8666666671875 0.5172043015625001 0.8526881718749999 0.455913978125 0.9161290328125 0.46989247343749996 0.9301075265625001 0.5311827953125 0.8666666671875
2 0.8526881718749999 0.6172043015625001 0.840860215625 0.6021505375 0.7688172046874999 0.6602150531250001 0.7806451609375 0.6752688171875 0.8526881718749999 0.6172043015625001
2 0.056989246874999996 0.8666666671875 0.0774193546875 0.8860215046875 0.1752688171875 0.7827956984375 0.154838709375 0.7634408609375 0.056989246874999996 0.8666666671875
2 0.1892473125 0.658064515625 0.20322580625 0.6741935484375 0.2795698921875 0.6107526875 0.2655913984375 0.59462365625 0.1892473125 0.658064515625
2 0.2978494625 0.5634408609375 0.3107526875 0.5784946234375 0.3774193546875 0.5225806453125 0.3645161296875 0.50752688125 0.2978494625 0.5634408609375
2 0.5451612906250001 0.4688172046875 0.558064515625 0.48494623593749997 0.639784946875 0.42580645156249997 0.6268817203125 0.40967741875 0.5451612906250001 0.4688172046875
2 0.2655913984375 0.7559139781249999 0.29139784999999996 0.7827956984375 0.44193548437499997 0.637634409375 0.4161290328125 0.6107526875 0.2655913984375 0.7559139781249999
2 0.639784946875 0.4827956984375 0.659139784375 0.50860215 0.8139784953125 0.38817204375 0.79462365625 0.36236559062499996 0.639784946875 0.4827956984375
8 0.5150537640625 0.253763440625 0.5311827953125 0.2752688171875 0.7172043015625 0.137634409375 0.70107526875 0.1161290328125 0.5150537640625 0.253763440625
10 0.46129032187499996 0.2838709671875 0.1344086015625 0.540860215625 0.1688172046875 0.5849462359375 0.495698925 0.3279569890625 0.46129032187499996 0.2838709671875