2 0.9322580640625 0.343010753125 0.943010753125 0.355913978125 0.99892473125 0.30645161249999997 0.98817204375 0.2935483875 0.9322580640625 0.343010753125
2 0.8817204296875 0.90967741875 0.8688172046875 0.89677419375 0.8086021499999999 0.959139784375 0.8215053765624999 0.9720430109375 0.8817204296875 0.90967741875
2 0.8365591390624999 0.658064515625 0.8301075265625 0.644086021875 0.761290321875 0.6731182796875 0.7677419359375001 0.6870967734375 0.8365591390624999 0.658064515625
2 0.70107526875 0.41182795624999996 0.70967741875 0.42580645156249997 0.7763440859374999 0.3860215046875 0.7677419359375001 0.37204301093750003 0.70107526875 0.41182795624999996
2 0.8053763437500001 0.4688172046875 0.8139784953125 0.48172042968750006 0.8870967734375 0.4365591390625 0.8784946234375001 0.4236559140625 0.8053763437500001 0.4688172046875
2 0.0064516124999999995 0.9709677421875 0.0225806453125 0.98817204375 0.0838709671875 0.9279569890625 0.0677419359375 0.9107526874999999 0.0064516124999999995 0.9709677421875
2 0.15591397812500002 0.80107526875 0.1698924734375 0.8182795703125001 0.2354838703125 0.7645161296875 0.2215053765625 0.747311828125 0.15591397812500002 0.80107526875
2 0.2870967734375 0.69032258125 0.3 0.70537634375 0.3645161296875 0.651612903125 0.35161290312500004 0.6365591390625001 0.2870967734375 0.69032258125
2 0.395698925 0.6634408609375 0.40860215 0.6784946234375 0.4709677421875 0.6268817203125 0.458064515625 0.61182795625 0.395698925 0.6634408609375
2 0.33870967812499997 0.8344086015625001 0.359139784375 0.8645161296874999 0.5322580640625 0.750537634375 0.51182795625 0.7204301078124999 0.33870967812499997 0.8344086015625001
2 0.4688172046875 0.6526881718750001 0.4860215046875 0.6763440859375 0.5935483875 0.59677419375 0.5763440859375 0.5731182796875001 0.4688172046875 0.6526881718750001
8 0.4344086015625 0.4645161296875 0.44946236562499997 0.4860215046875 0.6365591390625001 0.34838709687499997 0.6215053765625 0.32688172031249996 0.4344086015625 0.4645161296875
10 0.37419354843749997 0.48817204375 0.052688171875 0.750537634375 0.09892473125 0.8086021499999999 0.4204301078125 0.546236559375 0.37419354843749997 0.48817204375