8 0.30107526875 0.8849462359375 0.48817204375 0.754838709375 0.47311827968750003 0.7322580640624999 0.2860215046875 0.8623655906250001 0.30107526875 0.8849462359375
12 0.8107526875 0.2311827953125 0.8494623656250001 0.19462365625 0.843010753125 0.18817204375000002 0.804301075 0.22473118281249999 0.8107526875 0.2311827953125
2 0.48172042968750006 0.151612903125 0.551612903125 0.0838709671875 0.5354838703125 0.0677419359375 0.4655913984375 0.1354838703125 0.48172042968750006 0.151612903125
2 0.156989246875 0.40322580625000004 0.23763440937500002 0.339784946875 0.2236559140625 0.3215053765625 0.143010753125 0.3849462359375 0.156989246875 0.40322580625000004
2 0.5333333328125 0.31182795625000004 0.5451612906250001 0.3247311828125 0.5892473125000001 0.2860215046875 0.5774193546874999 0.2731182796875 0.5333333328125 0.31182795625000004
2 0.6247311828125001 0.4795698921875 0.637634409375 0.49247311875 0.7064516125 0.43225806406249995 0.6935483875 0.4193548390625 0.6247311828125001 0.4795698921875
2 0.7193548390625 0.3935483875 0.7333333328125 0.40967741875 0.8161290328125 0.337634409375 0.8021505375 0.3215053765625 0.7193548390625 0.3935483875
2 0.8258064515625 0.2182795703125 0.847311828125 0.238709678125 0.944086021875 0.1344086015625 0.9225806453125 0.1139784953125 0.8258064515625 0.2182795703125
2 0.558064515625 0.3634408609375 0.5860215046875 0.39139785 0.7344086015625 0.24516129062499997 0.7064516125 0.21720430156249998 0.558064515625 0.3634408609375
2 0.36236559062499996 0.5795698921875 0.3752688171875 0.59462365625 0.454838709375 0.5279569890625 0.44193548437499997 0.5129032265625 0.36236559062499996 0.5795698921875
2 0.20215053749999998 0.6817204296875 0.21720430156249998 0.69892473125 0.30967741875 0.6215053765625 0.29462365625000003 0.604301075 0.20215053749999998 0.6817204296875
2 0.22473118281249999 0.7172043015625 0.24193548437499998 0.743010753125 0.38387096718749997 0.641935484375 0.36666666718749996 0.6161290328125 0.22473118281249999 0.7172043015625
2 0.19139785 0.61182795625 0.2139784953125 0.638709678125 0.359139784375 0.5193548390625 0.3365591390625 0.49247311875 0.19139785 0.61182795625
10 0.538709678125 0.7161290328125001 0.8709677421875 0.454838709375 0.8354838703125 0.41075268749999994 0.50322580625 0.6720430109375 0.538709678125 0.7161290328125001