12 0.80967741875 0.8526881718749999 0.8172043015625 0.845161290625 0.7774193546875 0.8032258062500001 0.7698924734375 0.8107526875 0.80967741875 0.8526881718749999
2 0.658064515625 0.2311827953125 0.6784946234375 0.2129032265625 0.6172043015625001 0.145161290625 0.59677419375 0.16344086093750002 0.658064515625 0.2311827953125
2 0.9172043015625 0.547311828125 0.9333333328125001 0.5290322578125 0.8677419359374999 0.4677419359375 0.8516129031249999 0.4860215046875 0.9172043015625 0.547311828125
2 0.7139784953125 0.59139785 0.7258064515625 0.5817204296875 0.69247311875 0.539784946875 0.6806451609375 0.549462365625 0.7139784953125 0.59139785
2 0.8666666671875 0.943010753125 0.8849462359375 0.9236559140624999 0.7806451609375 0.8268817203125 0.762365590625 0.8462365593750001 0.8666666671875 0.943010753125
2 0.758064515625 0.7322580640624999 0.7838709671874999 0.70537634375 0.637634409375 0.558064515625 0.61182795625 0.5849462359375 0.758064515625 0.7322580640624999
2 0.6612903218749999 0.8139784953125 0.6763440859375 0.80107526875 0.61182795625 0.7236559140625001 0.59677419375 0.7365591390625 0.6612903218749999 0.8139784953125
2 0.5688172046875 0.70752688125 0.5827956984375 0.6956989250000001 0.5215053765625 0.6215053765625 0.50752688125 0.6333333328124999 0.5688172046875 0.70752688125
2 0.47419354843750006 0.455913978125 0.49032258124999994 0.44193548437499997 0.42473118281250005 0.3634408609375 0.40860215 0.3774193546875 0.47419354843750006 0.455913978125
2 0.48064516093750004 0.359139784375 0.50752688125 0.33870967812499997 0.39032258125 0.1870967734375 0.3634408609375 0.20752688125000002 0.48064516093750004 0.359139784375
2 0.37956989218750004 0.31290322656249997 0.39892473125 0.29677419375 0.3215053765625 0.20322580625 0.3021505375 0.21935483906250003 0.37956989218750004 0.31290322656249997
2 0.361290321875 0.3860215046875 0.38709677343750004 0.3677419359375 0.2838709671875 0.2204301078125 0.258064515625 0.238709678125 0.361290321875 0.3860215046875
8 0.248387096875 0.48924731250000003 0.26881720468750003 0.4763440859375 0.13870967812499999 0.2849462359375 0.1182795703125 0.2978494625 0.248387096875 0.48924731250000003
10 0.2838709671875 0.538709678125 0.540860215625 0.8655913984374999 0.5849462359375 0.8311827953125001 0.3279569890625 0.504301075 0.2838709671875 0.538709678125