13 0.1322580640625 0.30752688125 0.1311827953125 0.3204301078125 0.19892473125000001 0.3225806453125 0.2 0.30967741875 0.1322580640625 0.30752688125
13 0.13333333281249998 0.295698925 0.13333333281249998 0.30752688125 0.2 0.3107526875 0.2 0.29892473124999996 0.13333333281249998 0.295698925
13 0.1182795703125 0.43763440937500003 0.1258064515625 0.4268817203125 0.0752688171875 0.39032258125 0.0677419359375 0.40107526875 0.1182795703125 0.43763440937500003
13 0.1258064515625 0.4279569890625 0.13333333281249998 0.41720430156250005 0.0827956984375 0.3806451609375 0.0752688171875 0.39139785 0.1258064515625 0.4279569890625
2 0.70752688125 0.7193548390625 0.7795698921875001 0.658064515625 0.7655913984375 0.641935484375 0.6935483875 0.7032258062500001 0.70752688125 0.7193548390625
2 0.4655913984375 0.8709677421875 0.5311827953125 0.8215053765624999 0.5193548390625 0.8064516125000001 0.45376344062499996 0.855913978125 0.4655913984375 0.8709677421875
2 0.39139785 0.9806451609375 0.4784946234375 0.9139784953125 0.4645161296875 0.89462365625 0.3774193546875 0.9612903218750001 0.39139785 0.9806451609375
2 0.78817204375 0.3107526875 0.804301075 0.33010752656250003 0.9150537640625 0.23978494687500002 0.8989247312499999 0.2204301078125 0.78817204375 0.3107526875
2 0.33010752656250003 0.7225806453125 0.34408602187500004 0.741935484375 0.4161290328125 0.6860215046875 0.4021505375 0.6666666671875 0.33010752656250003 0.7225806453125
2 0.8838709671875 0.16344086093750002 0.8677419359374999 0.146236559375 0.7870967734375001 0.21935483906250003 0.8032258062500001 0.2365591390625 0.8838709671875 0.16344086093750002
2 0.2322580640625 0.69247311875 0.250537634375 0.70860215 0.3182795703125 0.6301075265625 0.3 0.6139784953125 0.2322580640625 0.69247311875
2 0.0935483875 0.7827956984375 0.10537634375 0.7978494625 0.1731182796875 0.741935484375 0.161290321875 0.7268817203125 0.0935483875 0.7827956984375
2 0.39247311875 0.5537634406249999 0.40537634375 0.5698924734374999 0.4763440859375 0.5107526874999999 0.4634408609375 0.49462365625000004 0.39247311875 0.5537634406249999
2 0.0634408609375 0.9129032265625 0.0774193546875 0.9268817203124999 0.13870967812499999 0.8612903218750001 0.1247311828125 0.847311828125 0.0634408609375 0.9129032265625
4 0.5806451609375001 0.5849462359375 0.562365590625 0.5645161296875 0.46666666718750005 0.651612903125 0.48494623593749997 0.6720430109375 0.5806451609375001 0.5849462359375
4 0.9397849468749999 0.49892473125 0.9204301078125001 0.47526881718749997 0.8322580640625 0.544086021875 0.8516129031249999 0.5677419359375 0.9397849468749999 0.49892473125
10 0.2698924734375 0.4688172046875 0.1 0.638709678125 0.1215053765625 0.6602150531250001 0.29139784999999996 0.49032258124999994 0.2698924734375 0.4688172046875
10 0.295698925 0.49032258124999994 0.1247311828125 0.6537634406249999 0.145161290625 0.6752688171875 0.31612903281250004 0.51182795625 0.295698925 0.49032258124999994
10 0.6860215046875 0.0978494625 0.3752688171875 0.37419354843749997 0.42580645156249997 0.43118279531250003 0.7365591390625 0.154838709375 0.6860215046875 0.0978494625