13 0.854838709375 0.9462365593750001 0.8376344093749999 0.9333333328125001 0.79892473125 0.9870967734375 0.8161290328125 1 0.854838709375 0.9462365593750001
13 0.6365591390625001 0.7731182796875 0.6215053765625 0.762365590625 0.5526881718750001 0.859139784375 0.5677419359375 0.8698924734375 0.6365591390625001 0.7731182796875
13 0.3677419359375 0.5247311828125001 0.352688171875 0.5139784953125 0.2860215046875 0.6064516125 0.30107526875 0.6172043015625001 0.3677419359375 0.5247311828125001
6 0.3333333328125 0.3634408609375 0.31290322656249997 0.349462365625 0.1784946234375 0.5376344093750001 0.19892473125000001 0.551612903125 0.3333333328125 0.3634408609375
6 0.350537634375 0.4 0.3236559140625 0.3806451609375 0.195698925 0.559139784375 0.22258064531250002 0.5784946234375 0.350537634375 0.4
6 0.3645161296875 0.4365591390625 0.337634409375 0.41720430156250005 0.2139784953125 0.5892473125000001 0.240860215625 0.6086021500000001 0.3645161296875 0.4365591390625
10 0.0354838703125 0.29677419375 0.0709677421875 0.3225806453125 0.22473118281249999 0.10752688125000001 0.1892473125 0.0817204296875 0.0354838703125 0.29677419375
1 0.5655913984375001 0.27634408593750004 0.5376344093750001 0.255913978125 0.37419354843749997 0.4827956984375 0.4021505375 0.50322580625 0.5655913984375001 0.27634408593750004
6 0.69892473125 0.58817204375 0.6709677421875 0.5688172046875 0.50322580625 0.8032258062500001 0.5311827953125 0.8225806453125 0.69892473125 0.58817204375
6 0.5451612906250001 0.1752688171875 0.5215053765625 0.159139784375 0.3709677421875 0.37956989218750004 0.39462365625 0.395698925 0.5451612906250001 0.1752688171875
6 0.6698924734375 0.5698924734374999 0.647311828125 0.5526881718750001 0.48924731250000003 0.7720430109375 0.51182795625 0.7892473125 0.6698924734375 0.5698924734374999
7 0.5107526874999999 0.9182795703125001 0.962365590625 0.28064516093749997 0.9301075265625001 0.258064515625 0.4784946234375 0.8956989249999999 0.5107526874999999 0.9182795703125001
7 0.24731182812500002 0.6602150531250001 0.558064515625 0.2258064515625 0.5290322578125 0.204301075 0.2182795703125 0.638709678125 0.24731182812500002 0.6602150531250001
6 0.9709677421875 0.3860215046875 0.9150537640625 0.346236559375 0.6806451609375 0.6741935484375 0.7365591390625 0.7139784953125 0.9709677421875 0.3860215046875
6 0.940860215625 0.250537634375 0.9075268812499999 0.2279569890625 0.7322580640624999 0.48924731250000003 0.7655913984375 0.51182795625 0.940860215625 0.250537634375
6 0.9150537640625 0.22258064531250002 0.8817204296875 0.20107526875 0.7043010749999999 0.46129032187499996 0.737634409375 0.4827956984375 0.9150537640625 0.22258064531250002