13 0.9268817203124999 0.6086021500000001 0.9344086015625 0.5978494624999999 0.8838709671875 0.5634408609375 0.8763440859375 0.5741935484375 0.9268817203124999 0.6086021500000001
13 0.9204301078125001 0.6182795703124999 0.9268817203124999 0.6086021500000001 0.8774193546875001 0.5752688171875 0.8709677421875 0.5849462359375 0.9204301078125001 0.6182795703124999
13 0.8666666671875 0.6935483875 0.80107526875 0.6935483875 0.80107526875 0.7032258062500001 0.8666666671875 0.7032258062500001 0.8666666671875 0.6935483875
13 0.8677419359374999 0.6806451609375 0.80107526875 0.6806451609375 0.80107526875 0.69462365625 0.8677419359374999 0.69462365625 0.8677419359374999 0.6806451609375
4 0.859139784375 0.139784946875 0.8752688171875 0.15591397812500002 0.938709678125 0.09032258125 0.9225806453125 0.0741935484375 0.859139784375 0.139784946875
4 0.8268817203125 0.262365590625 0.841935484375 0.2784946234375 0.9086021499999999 0.21720430156249998 0.8935483874999999 0.20107526875 0.8268817203125 0.262365590625
4 0.5806451609375001 0.3182795703125 0.595698925 0.337634409375 0.6688172046874999 0.2774193546875 0.6537634406249999 0.258064515625 0.5806451609375001 0.3182795703125
4 0.6827956984375 0.3677419359375 0.70107526875 0.3849462359375 0.7688172046874999 0.3139784953125 0.750537634375 0.29677419375 0.6827956984375 0.3677419359375
4 0.5258064515624999 0.49032258124999994 0.5419354843749999 0.50752688125 0.61182795625 0.44516129062500004 0.595698925 0.4279569890625 0.5258064515624999 0.49032258124999994
4 0.1129032265625 0.8397849468749999 0.1301075265625 0.858064515625 0.2139784953125 0.7817204296875 0.19677419375 0.7634408609375 0.1129032265625 0.8397849468749999
4 0.0849462359375 0.762365590625 0.1021505375 0.7838709671874999 0.20752688125000002 0.6935483875 0.19032258124999998 0.6720430109375 0.0849462359375 0.762365590625
4 0.5236559140625 0.0892473125 0.5376344093750001 0.10645161249999999 0.6247311828125001 0.039784946875 0.6107526875 0.0225806453125 0.5236559140625 0.0892473125
4 0.4709677421875 0.1817204296875 0.4827956984375 0.19462365625 0.544086021875 0.143010753125 0.5322580640625 0.1301075265625 0.4709677421875 0.1817204296875
4 0.21720430156249998 0.343010753125 0.23440860156249999 0.36236559062499996 0.30752688125 0.3 0.29032258125 0.28064516093749997 0.21720430156249998 0.343010753125
4 0.4193548390625 0.4150537640625 0.43763440937500003 0.4354838703125 0.5333333328125 0.34838709687499997 0.5150537640625 0.3279569890625 0.4193548390625 0.4150537640625
4 0.059139784375000004 0.5 0.0784946234375 0.5236559140625 0.1666666671875 0.454838709375 0.14731182812500002 0.43118279531250003 0.059139784375000004 0.5
10 0.7301075265625 0.5311827953125 0.9 0.361290321875 0.8784946234375001 0.339784946875 0.70860215 0.50967741875 0.7301075265625 0.5311827953125
10 0.7043010749999999 0.50967741875 0.8752688171875 0.346236559375 0.854838709375 0.3247311828125 0.6838709671875 0.48817204375 0.7043010749999999 0.50967741875
10 0.31290322656249997 0.9021505375000001 0.6247311828125001 0.6258064515624999 0.5731182796875001 0.5688172046875 0.261290321875 0.845161290625 0.31290322656249997 0.9021505375000001