2 0.6967741937499999 0.99892473125 0.7107526875 0.9860215046875 0.658064515625 0.9322580640625 0.644086021875 0.945161290625 0.6967741937499999 0.99892473125
2 0.09032258125 0.8838709671875 0.10322580625 0.8720430109375 0.045161290625 0.8064516125000001 0.0322580640625 0.8182795703125001 0.09032258125 0.8838709671875
2 0.347311828125 0.8376344093749999 0.36236559062499996 0.8290322578125 0.3236559140625 0.760215053125 0.30860215 0.7688172046874999 0.347311828125 0.8376344093749999
2 0.5645161296875 0.8860215046875 0.5774193546874999 0.8774193546875001 0.5322580640625 0.8064516125000001 0.5193548390625 0.8150537640625 0.5645161296875 0.8860215046875
2 0.6182795703124999 0.7709677421875 0.6301075265625 0.761290321875 0.5860215046875 0.7043010749999999 0.5741935484375 0.7139784953125 0.6182795703124999 0.7709677421875
2 0.0741935484375 0.0849462359375 0.09247311875 0.0688172046875 0.0333333328125 0.00107526875 0.015053764062499999 0.0172043015625 0.0741935484375 0.0849462359375
2 0.240860215625 0.2365591390625 0.258064515625 0.2215053765625 0.2 0.154838709375 0.18279569843750001 0.1698924734375 0.240860215625 0.2365591390625
2 0.352688171875 0.3655913984375 0.3688172046875 0.35161290312500004 0.31182795625000004 0.2860215046875 0.295698925 0.3 0.352688171875 0.3655913984375
2 0.3763440859375 0.47419354843750006 0.39247311875 0.46021505312500005 0.3354838703125 0.39462365625 0.3193548390625 0.40860215 0.3763440859375 0.47419354843750006
2 0.40107526875 0.59462365625 0.42580645156249997 0.5774193546874999 0.347311828125 0.4655913984375 0.3225806453125 0.4827956984375 0.40107526875 0.59462365625
2 0.250537634375 0.5333333328125 0.2784946234375 0.5150537640625 0.1645161296875 0.34408602187500004 0.1365591390625 0.36236559062499996 0.250537634375 0.5333333328125
8 0.650537634375 0.6365591390625001 0.6720430109375 0.6215053765625 0.538709678125 0.4301075265625 0.5172043015625001 0.44516129062500004 0.650537634375 0.6365591390625001
10 0.51182795625 0.3731182796875 0.249462365625 0.051612903125 0.19139785 0.0978494625 0.45376344062499996 0.4193548390625 0.51182795625 0.3731182796875