13 0.7817204296875 0.2784946234375 0.8182795703125001 0.2849462359375 0.844086021875 0.15591397812500002 0.8075268812499999 0.14946236562499998 0.7817204296875 0.2784946234375
13 0.745161290625 0.2741935484375 0.7795698921875001 0.2817204296875 0.8053763437500001 0.153763440625 0.7709677421875 0.146236559375 0.745161290625 0.2741935484375
13 0.70537634375 0.2720430109375 0.741935484375 0.2795698921875 0.7677419359375001 0.151612903125 0.7311827953125001 0.144086021875 0.70537634375 0.2720430109375
13 0.658064515625 0.2666666671875 0.7032258062500001 0.2752688171875 0.7311827953125001 0.13333333281249998 0.6860215046875 0.1247311828125 0.658064515625 0.2666666671875
13 0.6752688171875 0.3247311828125 0.8150537640625 0.343010753125 0.8215053765624999 0.29462365625000003 0.6817204296875 0.27634408593750004 0.6752688171875 0.3247311828125
13 0.6698924734375 0.37419354843749997 0.8075268812499999 0.39247311875 0.8139784953125 0.34408602187500004 0.6763440859375 0.3258064515625 0.6698924734375 0.37419354843749997
13 0.6064516125 0.44516129062500004 0.80107526875 0.43333333281249997 0.7978494625 0.3849462359375 0.60322580625 0.39677419375 0.6064516125 0.44516129062500004
13 0.459139784375 0.8666666671875 0.7247311828125 0.8752688171875 0.7258064515625 0.8258064515625 0.46021505312500005 0.8172043015625 0.459139784375 0.8666666671875
13 0.49139784999999997 0.90967741875 0.7161290328125001 0.9258064515625 0.7193548390625 0.8752688171875 0.49462365625000004 0.859139784375 0.49139784999999997 0.90967741875
13 0.6279569890625 0.4763440859375 0.7860215046875 0.49677419375 0.7935483875 0.444086021875 0.6354838703125 0.4236559140625 0.6279569890625 0.4763440859375
10 0.760215053125 0.559139784375 0.39032258125 0.540860215625 0.3860215046875 0.6236559140625 0.7559139781249999 0.641935484375 0.760215053125 0.559139784375
10 0.7129032265624999 0.9139784953125 0.3849462359375 0.9086021499999999 0.38387096718749997 0.9763440859375001 0.71182795625 0.9817204296875 0.7129032265624999 0.9139784953125
10 0.737634409375 0.743010753125 0.2838709671875 0.7193548390625 0.2795698921875 0.8032258062500001 0.7333333328125 0.8268817203125 0.737634409375 0.743010753125