13 0.7301075265625 0.5838709671875 0.7440860218750001 0.5935483875 0.8032258062500001 0.5064516125 0.7892473125 0.49677419375 0.7301075265625 0.5838709671875
13 0.6526881718750001 0.5279569890625 0.638709678125 0.5182795703124999 0.59247311875 0.5817204296875 0.6064516125 0.59139785 0.6526881718750001 0.5279569890625
1 0.60967741875 0.69032258125 0.640860215625 0.7129032265624999 0.80107526875 0.4795698921875 0.7698924734375 0.456989246875 0.60967741875 0.69032258125
10 0.4225806453125 0.5107526874999999 0.45268817187500004 0.5311827953125 0.6053763437499999 0.31290322656249997 0.5752688171875 0.29247311875 0.4225806453125 0.5107526874999999
6 0.1247311828125 0.2204301078125 0.146236559375 0.23440860156249999 0.29247311875 0.0161290328125 0.27096774218749997 0.0021505375 0.1247311828125 0.2204301078125
7 0.562365590625 0.143010753125 0.055913978125 0.89139785 0.09139785 0.9150537640625 0.5978494624999999 0.1666666671875 0.562365590625 0.143010753125
7 0.9655913984375 0.1182795703125 0.5892473125000001 0.6526881718750001 0.6172043015625001 0.6731182796875 0.9935483875 0.13870967812499999 0.9655913984375 0.1182795703125
15 0.59677419375 0.60752688125 0.6053763437499999 0.6139784953125 0.69139785 0.495698925 0.6827956984375 0.48924731250000003 0.59677419375 0.60752688125
15 0.7225806453125 0.43225806406249995 0.7290322578125 0.4365591390625 0.8172043015625 0.31612903281250004 0.8107526875 0.31182795625000004 0.7225806453125 0.43225806406249995
15 0.654838709375 0.19892473125000001 0.662365590625 0.20322580625 0.7408602156249999 0.0827956984375 0.7333333328125 0.0784946234375 0.654838709375 0.19892473125000001
6 0.00967741875 0.7935483875 0.0709677421875 0.838709678125 0.3688172046875 0.4301075265625 0.30752688125 0.3849462359375 0.00967741875 0.7935483875
6 0.0806451609375 0.904301075 0.1139784953125 0.9279569890625 0.29139784999999996 0.6849462359375 0.258064515625 0.6612903218749999 0.0806451609375 0.904301075
6 0.3827956984375 0.49032258124999994 0.4161290328125 0.5129032265625 0.5892473125000001 0.2645161296875 0.555913978125 0.24193548437499998 0.3827956984375 0.49032258124999994