13 0.5774193546874999 0.40967741875 0.5892473125000001 0.39677419375 0.5301075265625 0.347311828125 0.5182795703124999 0.360215053125 0.5774193546874999 0.40967741875
13 0.5849462359375 0.27096774218749997 0.5935483875 0.25913978437499996 0.50752688125 0.1978494625 0.49892473125 0.20967741874999998 0.5849462359375 0.27096774218749997
1 0.69032258125 0.3860215046875 0.70860215 0.358064515625 0.4860215046875 0.20322580625 0.4677419359375 0.2311827953125 0.69032258125 0.3860215046875
6 0.5107526874999999 0.5827956984375 0.5344086015625 0.549462365625 0.3150537640625 0.395698925 0.29139784999999996 0.4290322578125 0.5107526874999999 0.5827956984375
6 0.21935483906250003 0.8752688171875 0.23440860156249999 0.853763440625 0.0172043015625 0.70752688125 0.0021505375 0.7290322578125 0.21935483906250003 0.8752688171875
7 0.141935484375 0.4365591390625 0.8924731187500001 0.943010753125 0.9161290328125 0.9075268812499999 0.16559139843749998 0.40107526875 0.141935484375 0.4365591390625
7 0.1182795703125 0.0333333328125 0.6537634406249999 0.40967741875 0.6731182796875 0.3817204296875 0.137634409375 0.00537634375 0.1182795703125 0.0333333328125
15 0.60752688125 0.40322580625000004 0.6139784953125 0.39462365625 0.495698925 0.30860215 0.48924731250000003 0.3172043015625 0.60752688125 0.40322580625000004
15 0.43225806406249995 0.2774193546875 0.4365591390625 0.27096774218749997 0.31612903281250004 0.18279569843750001 0.31182795625000004 0.1892473125 0.43225806406249995 0.2774193546875
15 0.19892473125000001 0.34408602187500004 0.20322580625 0.3365591390625 0.0827956984375 0.258064515625 0.0784946234375 0.2655913984375 0.19892473125000001 0.34408602187500004
6 0.7935483875 0.9903225812500001 0.838709678125 0.9290322578125 0.4301075265625 0.6311827953125 0.3849462359375 0.69247311875 0.7935483875 0.9903225812500001
6 0.904301075 0.9193548390625 0.9279569890625 0.8860215046875 0.6849462359375 0.70860215 0.6612903218749999 0.741935484375 0.904301075 0.9193548390625
6 0.49139784999999997 0.6172043015625001 0.5139784953125 0.5849462359375 0.2655913984375 0.41075268749999994 0.243010753125 0.443010753125 0.49139784999999997 0.6172043015625001