13 0.3817204296875 0.9204301078125001 0.39247311875 0.9279569890625 0.4268817203125 0.8774193546875001 0.4161290328125 0.8698924734375 0.3817204296875 0.9204301078125001
13 0.3935483875 0.9279569890625 0.40322580625000004 0.9344086015625 0.4365591390625 0.8849462359375 0.4268817203125 0.8784946234375001 0.3935483875 0.9279569890625
13 0.3204301078125 0.8021505375 0.30967741875 0.8021505375 0.30967741875 0.8677419359374999 0.3204301078125 0.8677419359374999 0.3204301078125 0.8021505375
13 0.3204301078125 0.8021505375 0.30967741875 0.8021505375 0.30967741875 0.8677419359374999 0.3204301078125 0.8677419359374999 0.3204301078125 0.8021505375
13 0.30967741875 0.8021505375 0.29892473124999996 0.8021505375 0.29892473124999996 0.8677419359374999 0.30967741875 0.8677419359374999 0.30967741875 0.8021505375
2 0.962365590625 0.6258064515624999 0.9817204296875 0.6107526875 0.9129032265625 0.5225806453125 0.8935483874999999 0.5376344093750001 0.962365590625 0.6258064515624999
2 0.860215053125 0.547311828125 0.8720430109375 0.5365591390625 0.8172043015625 0.47419354843750006 0.8053763437500001 0.48494623593749997 0.860215053125 0.547311828125
2 0.7032258062500001 0.30752688125 0.7204301078124999 0.29139784999999996 0.655913978125 0.21935483906250003 0.638709678125 0.2354838703125 0.7032258062500001 0.30752688125
4 0.8623655906250001 0.8612903218750001 0.848387096875 0.8763440859375 0.9161290328125 0.938709678125 0.9301075265625001 0.9236559140624999 0.8623655906250001 0.8612903218750001
4 0.238709678125 0.0795698921875 0.2129032265625 0.1 0.30752688125 0.2150537640625 0.3333333328125 0.19462365625 0.238709678125 0.0795698921875
4 0.1645161296875 0.1139784953125 0.145161290625 0.1311827953125 0.22258064531250002 0.21720430156249998 0.24193548437499998 0.2 0.1645161296875 0.1139784953125
4 0.6838709671875 0.5870967734375 0.6666666671875 0.6010752687500001 0.7247311828125 0.6688172046874999 0.741935484375 0.654838709375 0.6838709671875 0.5870967734375
4 0.738709678125 0.8290322578125 0.7236559140625001 0.841935484375 0.7838709671874999 0.9107526874999999 0.79892473125 0.8978494625 0.738709678125 0.8290322578125
4 0.6311827953125 0.6849462359375 0.6172043015625001 0.69892473125 0.6892473125 0.7688172046874999 0.7032258062500001 0.754838709375 0.6311827953125 0.6849462359375
4 0.50860215 0.5268817203125 0.49247311875 0.5419354843749999 0.555913978125 0.6107526875 0.5720430109375 0.595698925 0.50860215 0.5268817203125
4 0.5849462359375 0.4193548390625 0.5645161296875 0.43763440937500003 0.651612903125 0.5333333328125 0.6720430109375 0.5150537640625 0.5849462359375 0.4193548390625
4 0.49892473125 0.060215053124999994 0.47526881718749997 0.0795698921875 0.544086021875 0.1677419359375 0.5677419359375 0.148387096875 0.49892473125 0.060215053124999994
10 0.4688172046875 0.7301075265625 0.638709678125 0.9 0.6602150531250001 0.8784946234375001 0.49032258124999994 0.70860215 0.4688172046875 0.7301075265625
10 0.49032258124999994 0.7043010749999999 0.6537634406249999 0.8752688171875 0.6752688171875 0.854838709375 0.51182795625 0.6838709671875 0.49032258124999994 0.7043010749999999
10 0.095698925 0.3139784953125 0.3763440859375 0.6236559140625 0.43333333281249997 0.5720430109375 0.152688171875 0.262365590625 0.095698925 0.3139784953125