13 0.49462365625000004 0.8623655906250001 0.50967741875 0.8731182796875 0.5763440859375 0.7806451609375 0.5612903218749999 0.7698924734375 0.49462365625000004 0.8623655906250001
13 0.48172042968750006 0.848387096875 0.495698925 0.858064515625 0.562365590625 0.7666666671875 0.548387096875 0.7559139781249999 0.48172042968750006 0.848387096875
13 0.6849462359375 0.30645161249999997 0.7032258062500001 0.30322580625 0.69462365625 0.23763440937500002 0.6763440859375 0.23978494687500002 0.6849462359375 0.30645161249999997
6 0.9161290328125 0.10860215 0.89139785 0.0892473125 0.7354838703125 0.295698925 0.760215053125 0.3150537640625 0.9161290328125 0.10860215
7 0.43870967812500006 0.9075268812499999 0.962365590625 0.1784946234375 0.9215053765624999 0.148387096875 0.39784946250000003 0.8784946234375001 0.43870967812500006 0.9075268812499999
7 0.026881720312500003 0.945161290625 0.41397849531249997 0.40752688125000003 0.38709677343750004 0.3892473125 0.00107526875 0.9268817203124999 0.026881720312500003 0.945161290625
15 0.343010753125 0.8666666671875 0.3365591390625 0.8623655906250001 0.261290321875 0.9763440859375001 0.2677419359375 0.9806451609375 0.343010753125 0.8666666671875
15 0.28064516093749997 0.6172043015625001 0.27096774218749997 0.6107526875 0.195698925 0.7247311828125 0.20537634374999997 0.7311827953125001 0.28064516093749997 0.6172043015625001
15 0.19462365625 0.59892473125 0.1806451609375 0.59139785 0.10967741875 0.71182795625 0.12365591406250001 0.7193548390625 0.19462365625 0.59892473125
15 0.2064516125 0.6225806453125 0.195698925 0.6161290328125 0.12365591406250001 0.7290322578125 0.1344086015625 0.7354838703125 0.2064516125 0.6225806453125
15 0.13870967812499999 0.8193548390625001 0.1290322578125 0.8129032265625 0.0333333328125 0.956989246875 0.043010753125 0.9634408609375 0.13870967812499999 0.8193548390625001
6 0.9946236562499999 0.26344086093749997 0.9397849468749999 0.22258064531250002 0.6311827953125 0.639784946875 0.6860215046875 0.6806451609375 0.9946236562499999 0.26344086093749997
1 0.40752688125000003 0.349462365625 0.3752688171875 0.3258064515625 0.22473118281249999 0.540860215625 0.256989246875 0.5645161296875 0.40752688125000003 0.349462365625
1 0.9129032265625 0.161290321875 0.8860215046875 0.141935484375 0.7688172046874999 0.30537634375 0.7956989250000001 0.3247311828125 0.9129032265625 0.161290321875
6 0.6225806453125 0.5752688171875 0.5870967734375 0.550537634375 0.4129032265625 0.7967741937499999 0.448387096875 0.8215053765624999 0.6225806453125 0.5752688171875
6 0.59462365625 0.544086021875 0.562365590625 0.5215053765625 0.38709677343750004 0.7720430109375 0.4193548390625 0.79462365625 0.59462365625 0.544086021875