13 0.5602150531250001 0.962365590625 0.5752688171875 0.9720430109375 0.6182795703124999 0.9064516125000001 0.60322580625 0.89677419375 0.5602150531250001 0.962365590625
13 0.5301075265625 0.9752688171875 0.5451612906250001 0.9849462359375 0.6139784953125 0.8806451609374999 0.59892473125 0.8709677421875 0.5301075265625 0.9752688171875
1 0.538709678125 0.2827956984375 0.5064516125 0.260215053125 0.355913978125 0.4720430109375 0.38817204375 0.49462365625000004 0.538709678125 0.2827956984375
7 0.547311828125 0.8139784953125 0.944086021875 0.254838709375 0.9193548390625 0.23763440937500002 0.5225806453125 0.7967741937499999 0.547311828125 0.8139784953125
7 0.39677419375 0.9236559140624999 0.4838709671875 0.7978494625 0.46989247343749996 0.78817204375 0.3827956984375 0.9139784953125 0.39677419375 0.9236559140624999
7 0.49462365625000004 0.9978494625 0.59139785 0.843010753125 0.5741935484375 0.8322580640625 0.47741935468749996 0.9870967734375 0.49462365625000004 0.9978494625
15 0.8752688171875 0.7161290328125001 0.8677419359374999 0.71182795625 0.79139785 0.8258064515625 0.79892473125 0.8301075265625 0.8752688171875 0.7161290328125001
15 0.8107526875 0.4720430109375 0.80107526875 0.4655913984375 0.7247311828125 0.5795698921875 0.7344086015625 0.5860215046875 0.8107526875 0.4720430109375
15 0.741935484375 0.4688172046875 0.7333333328125 0.4634408609375 0.651612903125 0.5827956984375 0.6602150531250001 0.58817204375 0.741935484375 0.4688172046875
15 0.7225806453125 0.44946236562499997 0.7150537640625 0.44516129062500004 0.638709678125 0.5677419359375 0.646236559375 0.5720430109375 0.7225806453125 0.44946236562499997
15 0.6741935484375 0.6741935484375 0.6666666671875 0.6688172046874999 0.5838709671875 0.7795698921875001 0.59139785 0.7849462359375 0.6741935484375 0.6741935484375
15 0.6053763437499999 0.6655913984375 0.59677419375 0.659139784375 0.5150537640625 0.7774193546875 0.5236559140625 0.7838709671874999 0.6053763437499999 0.6655913984375
1 0.9397849468749999 0.20107526875 0.9075268812499999 0.1784946234375 0.754838709375 0.39247311875 0.7870967734375001 0.4150537640625 0.9397849468749999 0.20107526875