12 0.4236559140625 0.8322580640625 0.43225806406249995 0.8344086015625001 0.44516129062500004 0.8 0.4365591390625 0.7978494625 0.4236559140625 0.8322580640625
12 0.4150537640625 0.8290322578125 0.4225806453125 0.8322580640625 0.4344086015625 0.79892473125 0.4268817203125 0.7956989250000001 0.4150537640625 0.8290322578125
12 0.4064516125 0.8247311828124999 0.4161290328125 0.8279569890625 0.4279569890625 0.79462365625 0.41827957031249996 0.79139785 0.4064516125 0.8247311828124999
12 0.3892473125 0.8182795703125001 0.40107526875 0.8258064515625 0.42580645156249997 0.7838709671874999 0.41397849531249997 0.7763440859374999 0.3892473125 0.8182795703125001
12 0.3806451609375 0.8150537640625 0.38817204375 0.8193548390625001 0.40430107499999995 0.79139785 0.39677419375 0.7870967734375001 0.3806451609375 0.8150537640625
12 0.3688172046875 0.8139784953125 0.3752688171875 0.8172043015625 0.38817204375 0.7838709671874999 0.3817204296875 0.7806451609375 0.3688172046875 0.8139784953125
12 0.359139784375 0.80967741875 0.3677419359375 0.8139784953125 0.3806451609375 0.7817204296875 0.37204301093750003 0.7774193546875 0.359139784375 0.80967741875
12 0.34408602187500004 0.8075268812499999 0.352688171875 0.80967741875 0.361290321875 0.7774193546875 0.352688171875 0.7752688171875 0.34408602187500004 0.8075268812499999
12 0.3354838703125 0.8032258062500001 0.343010753125 0.8053763437500001 0.352688171875 0.7688172046874999 0.345161290625 0.7666666671875 0.3354838703125 0.8032258062500001
12 0.3204301078125 0.7978494625 0.3279569890625 0.80107526875 0.341935484375 0.7677419359375001 0.33440860156249996 0.7645161296875 0.3204301078125 0.7978494625
12 0.31182795625000004 0.7956989250000001 0.3204301078125 0.79892473125 0.3333333328125 0.7655913984375 0.3247311828125 0.762365590625 0.31182795625000004 0.7956989250000001
12 0.30322580625 0.79247311875 0.31182795625000004 0.7956989250000001 0.3247311828125 0.7645161296875 0.31612903281250004 0.761290321875 0.30322580625 0.79247311875
12 0.295698925 0.78817204375 0.30322580625 0.79139785 0.3150537640625 0.762365590625 0.30752688125 0.7591397843750001 0.295698925 0.78817204375
13 0.3182795703125 0.8215053765624999 0.258064515625 0.8225806453125 0.258064515625 0.847311828125 0.3182795703125 0.8462365593750001 0.3182795703125 0.8215053765624999
13 0.262365590625 0.8236559140624999 0.20215053749999998 0.8053763437500001 0.195698925 0.8279569890625 0.255913978125 0.8462365593750001 0.262365590625 0.8236559140624999
13 0.204301075 0.8032258062500001 0.144086021875 0.7860215046875 0.137634409375 0.8075268812499999 0.1978494625 0.8247311828124999 0.204301075 0.8032258062500001
13 0.162365590625 0.70967741875 0.1182795703125 0.761290321875 0.1365591390625 0.7763440859374999 0.1806451609375 0.7247311828125 0.162365590625 0.70967741875
13 0.1795698921875 0.7258064515625 0.2279569890625 0.6817204296875 0.2139784953125 0.6655913984375 0.16559139843749998 0.70967741875 0.1795698921875 0.7258064515625
8 0.5279569890625 0.737634409375 0.7043010749999999 0.5172043015625001 0.6784946234375 0.49677419375 0.5021505375 0.7172043015625 0.5279569890625 0.737634409375
7 0.5365591390625 0.8075268812499999 0.7301075265625 0.5602150531250001 0.69139785 0.5301075265625 0.49784946249999995 0.7774193546875 0.5365591390625 0.8075268812499999
0 0.7892473125 0.30860215 0.6645161296875 0.19032258124999998 0.21720430156249998 0.6612903218749999 0.341935484375 0.7795698921875001 0.7892473125 0.30860215
16 0.5698924734374999 0.8365591390624999 0.69462365625 0.6720430109375 0.6602150531250001 0.645161290625 0.5354838703125 0.80967741875 0.5698924734374999 0.8365591390624999