13 0.41075268749999994 0.354838709375 0.4290322578125 0.3677419359375 0.49247311875 0.2774193546875 0.47419354843750006 0.2645161296875 0.41075268749999994 0.354838709375
13 0.39784946250000003 0.33870967812499997 0.41397849531249997 0.350537634375 0.47741935468749996 0.25913978437499996 0.46129032187499996 0.24731182812500002 0.39784946250000003 0.33870967812499997
13 0.1139784953125 0.7709677421875 0.13333333281249998 0.7849462359375 0.1978494625 0.69139785 0.1784946234375 0.6774193546875 0.1139784953125 0.7709677421875
13 0.0978494625 0.752688171875 0.11720430156249999 0.7655913984375 0.1817204296875 0.6731182796875 0.162365590625 0.6602150531250001 0.0978494625 0.752688171875
6 0.0838709671875 0.1860215046875 0.10322580625 0.2 0.2322580640625 0.0182795703125 0.2129032265625 0.004301075 0.0838709671875 0.1860215046875
6 0.0731182796875 0.30322580625 0.11182795625 0.3311827953125 0.2817204296875 0.09247311875 0.243010753125 0.0645161296875 0.0731182796875 0.30322580625
6 0.39247311875 0.556989246875 0.4150537640625 0.5731182796875001 0.5645161296875 0.356989246875 0.5419354843749999 0.340860215625 0.39247311875 0.556989246875
7 0.5290322578125 0.20967741874999998 0.0204301078125 0.9494623656250001 0.053763440625000006 0.9731182796875 0.562365590625 0.23333333281250002 0.5290322578125 0.20967741874999998
7 0.9333333328125001 0.1666666671875 0.5645161296875 0.7204301078124999 0.5892473125000001 0.7365591390625 0.9580645156250001 0.18279569843750001 0.9333333328125001 0.1666666671875
1 0.7139784953125 0.5526881718750001 0.5612903218749999 0.7677419359375001 0.5935483875 0.79139785 0.746236559375 0.5763440859375 0.7139784953125 0.5526881718750001
1 0.0634408609375 0.9505376343749999 0.09892473125 0.9763440859375001 0.29139784999999996 0.70537634375 0.255913978125 0.6795698921875 0.0634408609375 0.9505376343749999
6 0.34838709687499997 0.5451612906250001 0.37956989218750004 0.5677419359375 0.556989246875 0.3172043015625 0.5258064515624999 0.29462365625000003 0.34838709687499997 0.5451612906250001