2 0.30967741875 0.4645161296875 0.3225806453125 0.45268817187500004 0.2860215046875 0.4129032265625 0.2731182796875 0.42473118281250005 0.30967741875 0.4645161296875
13 0.2236559140625 0.19892473125000001 0.2311827953125 0.19139785 0.195698925 0.151612903125 0.18817204375000002 0.159139784375 0.2236559140625 0.19892473125000001
2 0.2150537640625 0.17204301093750002 0.2365591390625 0.150537634375 0.13333333281249998 0.051612903125 0.11182795625 0.0731182796875 0.2150537640625 0.17204301093750002
2 0.3827956984375 0.854838709375 0.40107526875 0.8397849468749999 0.341935484375 0.7666666671875 0.3236559140625 0.7817204296875 0.3827956984375 0.854838709375
2 0.13333333281249998 0.5333333328125 0.14946236562499998 0.5172043015625001 0.0838709671875 0.451612903125 0.0677419359375 0.4677419359375 0.13333333281249998 0.5333333328125
2 0.39247311875 0.2827956984375 0.40967741875 0.2698924734375 0.340860215625 0.1817204296875 0.3236559140625 0.19462365625 0.39247311875 0.2827956984375
2 0.47741935468749996 0.37956989218750004 0.4935483875 0.36666666718749996 0.4365591390625 0.2935483875 0.4204301078125 0.30645161249999997 0.47741935468749996 0.37956989218750004
2 0.5795698921875 0.639784946875 0.595698925 0.6268817203125 0.5279569890625 0.540860215625 0.51182795625 0.5537634406249999 0.5795698921875 0.639784946875
2 0.6806451609375 0.7956989250000001 0.6978494625 0.7806451609375 0.6182795703124999 0.69247311875 0.6010752687500001 0.70752688125 0.6806451609375 0.7956989250000001
2 0.7172043015625 0.7817204296875 0.741935484375 0.7645161296875 0.641935484375 0.6182795703124999 0.6172043015625001 0.6354838703125 0.7172043015625 0.7817204296875
2 0.6129032265625 0.8139784953125 0.640860215625 0.79139785 0.5182795703124999 0.641935484375 0.49032258124999994 0.6645161296875 0.6129032265625 0.8139784953125
2 0.3634408609375 0.440860215625 0.38817204375 0.4150537640625 0.238709678125 0.2731182796875 0.2139784953125 0.29892473124999996 0.3634408609375 0.440860215625
8 0.8612903218750001 0.7139784953125 0.8817204296875 0.69892473125 0.7516129031250001 0.5139784953125 0.7311827953125001 0.5290322578125 0.8612903218750001 0.7139784953125
10 0.7161290328125001 0.46129032187499996 0.459139784375 0.13333333281249998 0.4150537640625 0.1688172046875 0.6720430109375 0.49677419375 0.7161290328125001 0.46129032187499996