13 0.3645161296875 0.23010752656250003 0.3806451609375 0.24193548437499998 0.450537634375 0.144086021875 0.4344086015625 0.1322580640625 0.3645161296875 0.23010752656250003
13 0.6354838703125 0.4763440859375 0.651612903125 0.4870967734375 0.7150537640625 0.39462365625 0.69892473125 0.38387096718749997 0.6354838703125 0.4763440859375
6 0.6709677421875 0.637634409375 0.69247311875 0.6526881718750001 0.8193548390625001 0.4677419359375 0.7978494625 0.45268817187500004 0.6709677421875 0.637634409375
6 0.654838709375 0.60322580625 0.6795698921875 0.6193548390625 0.8032258062500001 0.43763440937500003 0.7784946234375 0.4215053765625 0.654838709375 0.60322580625
6 0.640860215625 0.5666666671875 0.6645161296875 0.5827956984375 0.7784946234375 0.4161290328125 0.754838709375 0.4 0.640860215625 0.5666666671875
10 0.7784946234375 0.89462365625 0.8107526875 0.9172043015625 0.9655913984375 0.7032258062500001 0.9333333328125001 0.6806451609375 0.7784946234375 0.89462365625
1 0.43870967812500006 0.7311827953125001 0.4634408609375 0.747311828125 0.6150537640625 0.5247311828125001 0.5903225812499999 0.50860215 0.43870967812500006 0.7311827953125001
6 0.454838709375 0.8247311828124999 0.4784946234375 0.840860215625 0.6290322578125 0.6204301078125 0.6053763437499999 0.604301075 0.454838709375 0.8247311828124999
6 0.33010752656250003 0.43118279531250003 0.352688171875 0.447311828125 0.50860215 0.22688172031249998 0.4860215046875 0.2107526875 0.33010752656250003 0.43118279531250003
7 0.48817204375 0.0817204296875 0.0365591390625 0.7193548390625 0.0688172046875 0.741935484375 0.5204301078125 0.10430107500000001 0.48817204375 0.0817204296875
7 0.7483870968749999 0.337634409375 0.44516129062500004 0.7774193546875 0.47526881718749997 0.7978494625 0.7784946234375 0.358064515625 0.7483870968749999 0.337634409375
6 0.0290322578125 0.6139784953125 0.0849462359375 0.6537634406249999 0.3193548390625 0.3258064515625 0.26344086093749997 0.2860215046875 0.0290322578125 0.6139784953125
6 0.059139784375000004 0.749462365625 0.09247311875 0.7720430109375 0.2677419359375 0.5107526874999999 0.23440860156249999 0.48817204375 0.059139784375000004 0.749462365625
6 0.0849462359375 0.7774193546875 0.1182795703125 0.79892473125 0.295698925 0.538709678125 0.262365590625 0.5172043015625001 0.0849462359375 0.7774193546875