2 0.162365590625 0.340860215625 0.1698924734375 0.358064515625 0.24193548437499998 0.3279569890625 0.23440860156249999 0.3107526875 0.162365590625 0.340860215625
2 0.1193548390625 0.09139785 0.13333333281249998 0.10537634375 0.19892473125000001 0.039784946875 0.18494623593749998 0.0258064515625 0.1193548390625 0.09139785
2 0.0129032265625 0.70752688125 0.0688172046875 0.659139784375 0.055913978125 0.645161290625 0.00107526875 0.6935483875 0.0129032265625 0.70752688125
2 0.1193548390625 0.5817204296875 0.195698925 0.5311827953125 0.18817204375000002 0.5193548390625 0.11182795625 0.5698924734374999 0.1193548390625 0.5817204296875
2 0.23978494687500002 0.6311827953125 0.2978494625 0.58817204375 0.2870967734375 0.5731182796875001 0.2290322578125 0.6161290328125 0.23978494687500002 0.6311827953125
2 0.7784946234375 0.252688171875 0.843010753125 0.19892473125000001 0.8301075265625 0.1838709671875 0.7655913984375 0.23763440937500002 0.7784946234375 0.252688171875
2 0.9333333328125001 0.0892473125 0.9946236562499999 0.0333333328125 0.9806451609375 0.0182795703125 0.9193548390625 0.0741935484375 0.9333333328125001 0.0892473125
2 0.649462365625 0.3677419359375 0.71182795625 0.3150537640625 0.69892473125 0.29892473124999996 0.6365591390625001 0.35161290312500004 0.649462365625 0.3677419359375
2 0.544086021875 0.39032258125 0.60752688125 0.3354838703125 0.5935483875 0.3193548390625 0.5301075265625 0.37419354843749997 0.544086021875 0.39032258125
2 0.4204301078125 0.42580645156249997 0.5311827953125 0.34408602187500004 0.5172043015625001 0.3247311828125 0.4064516125 0.4064516125 0.4204301078125 0.42580645156249997
2 0.49032258124999994 0.28064516093749997 0.659139784375 0.16344086093750002 0.640860215625 0.1365591390625 0.4720430109375 0.253763440625 0.49032258124999994 0.28064516093749997
8 0.3655913984375 0.650537634375 0.3827956984375 0.6731182796875 0.5677419359375 0.5365591390625 0.550537634375 0.5139784953125 0.3655913984375 0.650537634375
10 0.6258064515624999 0.51182795625 0.947311828125 0.249462365625 0.90107526875 0.19139785 0.5795698921875 0.45376344062499996 0.6258064515624999 0.51182795625