13 0.7709677421875 0.5204301078125 0.8354838703125 0.5204301078125 0.8354838703125 0.50967741875 0.7709677421875 0.50967741875 0.7709677421875 0.5204301078125
13 0.7698924734375 0.50967741875 0.8365591390624999 0.50967741875 0.8365591390624999 0.49677419375 0.7698924734375 0.49677419375 0.7698924734375 0.50967741875
13 0.8935483874999999 0.42473118281250005 0.9 0.4150537640625 0.854838709375 0.3817204296875 0.848387096875 0.39139785 0.8935483874999999 0.42473118281250005
13 0.8849462359375 0.4365591390625 0.8935483874999999 0.42580645156249997 0.8462365593750001 0.39139785 0.8376344093749999 0.4021505375 0.8849462359375 0.4365591390625
2 0.7139784953125 0.1688172046875 0.7311827953125001 0.1806451609375 0.7827956984375 0.1021505375 0.7655913984375 0.09032258125 0.7139784953125 0.1688172046875
2 0.7440860218750001 0.1731182796875 0.7591397843750001 0.19032258124999998 0.840860215625 0.11720430156249999 0.8258064515625 0.1 0.7440860218750001 0.1731182796875
2 0.043010753125 0.7 0.054838709375 0.7172043015625 0.1290322578125 0.6655913984375 0.11720430156249999 0.648387096875 0.043010753125 0.7
2 0.18279569843750001 0.6322580640625 0.20107526875 0.650537634375 0.2752688171875 0.5763440859375 0.256989246875 0.558064515625 0.18279569843750001 0.6322580640625
2 0.1301075265625 0.5892473125000001 0.14731182812500002 0.6064516125 0.21182795625 0.5419354843749999 0.19462365625 0.5247311828125001 0.1301075265625 0.5892473125000001
2 0.30107526875 0.5107526874999999 0.31612903281250004 0.5290322578125 0.4 0.46129032187499996 0.3849462359375 0.443010753125 0.30107526875 0.5107526874999999
2 0.50860215 0.4129032265625 0.5236559140625 0.4290322578125 0.60752688125 0.354838709375 0.59247311875 0.33870967812499997 0.50860215 0.4129032265625
2 0.43870967812500006 0.3763440859375 0.45376344062499996 0.39247311875 0.5247311828125001 0.3247311828125 0.50967741875 0.30860215 0.43870967812500006 0.3763440859375
2 0.30752688125 0.255913978125 0.3258064515625 0.27634408593750004 0.4150537640625 0.19139785 0.39677419375 0.1709677421875 0.30752688125 0.255913978125
2 0.44946236562499997 0.26344086093749997 0.47526881718749997 0.29032258125 0.5892473125000001 0.1838709671875 0.5634408609375 0.156989246875 0.44946236562499997 0.26344086093749997
2 0.30967741875 0.34408602187500004 0.33010752656250003 0.3645161296875 0.43225806406249995 0.26881720468750003 0.41182795624999996 0.248387096875 0.30967741875 0.34408602187500004
10 0.27096774218749997 0.7161290328125001 0.59892473125 0.45268817187500004 0.5526881718750001 0.395698925 0.22473118281249999 0.659139784375 0.27096774218749997 0.7161290328125001