1 0.7731182796875 0.5204301078125 0.79032258125 0.49677419375 0.5774193546874999 0.339784946875 0.5602150531250001 0.3634408609375 0.7731182796875 0.5204301078125
10 0.9505376343749999 0.1838709671875 0.9731182796875 0.151612903125 0.756989246875 0.00107526875 0.7344086015625 0.0333333328125 0.9505376343749999 0.1838709671875
6 0.847311828125 0.48924731250000003 0.8655913984374999 0.4634408609375 0.6817204296875 0.33440860156249996 0.6634408609375 0.360215053125 0.847311828125 0.48924731250000003
6 0.6150537640625 0.3236559140625 0.6333333328124999 0.2978494625 0.46021505312500005 0.1774193546875 0.44193548437499997 0.20322580625 0.6150537640625 0.3236559140625
6 0.4021505375 0.6150537640625 0.4204301078125 0.58817204375 0.240860215625 0.462365590625 0.22258064531250002 0.48924731250000003 0.4021505375 0.6150537640625
7 0.11720430156249999 0.4709677421875 0.7698924734375 0.9129032265625 0.79247311875 0.8817204296875 0.139784946875 0.43978494687499997 0.11720430156249999 0.4709677421875
7 0.39032258125 0.20860215000000001 0.8215053765624999 0.5161290328125 0.841935484375 0.48817204375 0.41075268749999994 0.1806451609375 0.39032258125 0.20860215000000001
15 0.850537634375 0.18279569843750001 0.855913978125 0.1752688171875 0.745161290625 0.09462365625 0.739784946875 0.1021505375 0.850537634375 0.18279569843750001
15 0.4279569890625 0.11505376406250001 0.43118279531250003 0.10967741875 0.3311827953125 0.044086021875 0.3279569890625 0.049462365625 0.4279569890625 0.11505376406250001
6 0.7322580640624999 0.9838709671875 0.7731182796875 0.9311827953125 0.4677419359375 0.6892473125 0.4268817203125 0.741935484375 0.7322580640624999 0.9838709671875
6 0.7655913984375 0.8763440859375 0.7892473125 0.841935484375 0.539784946875 0.6677419359375001 0.5161290328125 0.7021505375 0.7655913984375 0.8763440859375