13 0.49139784999999997 0.7720430109375 0.4795698921875 0.7720430109375 0.4795698921875 0.8365591390624999 0.49139784999999997 0.8365591390624999 0.49139784999999997 0.7720430109375
13 0.504301075 0.7731182796875 0.49247311875 0.7731182796875 0.49247311875 0.8376344093749999 0.504301075 0.8376344093749999 0.504301075 0.7731182796875
13 0.5784946234375 0.89462365625 0.58817204375 0.90107526875 0.6172043015625001 0.853763440625 0.60752688125 0.847311828125 0.5784946234375 0.89462365625
13 0.5666666671875 0.8870967734375 0.5795698921875 0.89462365625 0.60752688125 0.8462365593750001 0.59462365625 0.838709678125 0.5666666671875 0.8870967734375
2 0.8978494625 0.7849462359375 0.9107526874999999 0.7666666671875 0.8333333328125001 0.71182795625 0.8204301078125 0.7301075265625 0.8978494625 0.7849462359375
2 0.8849462359375 0.843010753125 0.9021505375000001 0.8279569890625 0.8290322578125 0.746236559375 0.8118279562499999 0.761290321875 0.8849462359375 0.843010753125
2 0.646236559375 0.60752688125 0.6634408609375 0.59247311875 0.58817204375 0.50860215 0.5709677421875 0.5236559140625 0.646236559375 0.60752688125
2 0.6741935484375 0.5258064515624999 0.69032258125 0.5107526874999999 0.6268817203125 0.43978494687499997 0.6107526875 0.454838709375 0.6741935484375 0.5258064515624999
2 0.33870967812499997 0.1311827953125 0.354838709375 0.1193548390625 0.3 0.043010753125 0.2838709671875 0.054838709375 0.33870967812499997 0.1311827953125
2 0.4677419359375 0.2215053765625 0.4870967734375 0.204301075 0.41397849531249997 0.1268817203125 0.39462365625 0.144086021875 0.4677419359375 0.2215053765625
2 0.4236559140625 0.2752688171875 0.44193548437499997 0.258064515625 0.3698924734375 0.1806451609375 0.35161290312500004 0.1978494625 0.4236559140625 0.2752688171875
2 0.5376344093750001 0.39892473125 0.5602150531250001 0.37956989218750004 0.48817204375 0.3 0.4655913984375 0.3193548390625 0.5376344093750001 0.39892473125
2 0.8107526875 0.4150537640625 0.8290322578125 0.39784946250000003 0.7483870968749999 0.30752688125 0.7301075265625 0.3247311828125 0.8107526875 0.4150537640625
2 0.7344086015625 0.43333333281249997 0.7559139781249999 0.41397849531249997 0.656989246875 0.30430107500000003 0.6354838703125 0.3236559140625 0.7344086015625 0.43333333281249997
2 0.8204301078125 0.5870967734375 0.841935484375 0.5677419359375 0.7365591390625 0.451612903125 0.7150537640625 0.4709677421875 0.8204301078125 0.5870967734375
10 0.2817204296875 0.2731182796875 0.5376344093750001 0.5817204296875 0.5935483875 0.5354838703125 0.337634409375 0.22688172031249998 0.2817204296875 0.2731182796875