13 0.7129032265624999 0.8129032265625 0.8376344093749999 0.844086021875 0.8462365593750001 0.8107526875 0.7215053765625 0.7795698921875001 0.7129032265624999 0.8129032265625
13 0.7215053765625 0.7784946234375 0.845161290625 0.8086021499999999 0.8526881718749999 0.7763440859374999 0.7290322578125 0.746236559375 0.7215053765625 0.7784946234375
13 0.7215053765625 0.7440860218750001 0.843010753125 0.7741935484375 0.8526881718749999 0.7333333328125 0.7311827953125001 0.7032258062500001 0.7215053765625 0.7440860218750001
13 0.7258064515625 0.70107526875 0.8677419359374999 0.7365591390625 0.8784946234375001 0.69247311875 0.7365591390625 0.656989246875 0.7258064515625 0.70107526875
13 0.6634408609375 0.8086021499999999 0.71182795625 0.8129032265625 0.7236559140625001 0.6838709671875 0.6752688171875 0.6795698921875 0.6634408609375 0.8086021499999999
13 0.6139784953125 0.79892473125 0.662365590625 0.8032258062500001 0.6741935484375 0.6763440859375 0.6258064515624999 0.6720430109375 0.6139784953125 0.79892473125
13 0.5677419359375 0.7935483875 0.6139784953125 0.79247311875 0.6107526875 0.6107526875 0.5645161296875 0.61182795625 0.5677419359375 0.7935483875
13 0.50537634375 0.7817204296875 0.5526881718750001 0.7860215046875 0.5677419359375 0.6247311828125001 0.5204301078125 0.6204301078125 0.50537634375 0.7817204296875
13 0.1344086015625 0.7204301078124999 0.1817204296875 0.7204301078124999 0.1860215046875 0.458064515625 0.13870967812499999 0.458064515625 0.1344086015625 0.7204301078124999
13 0.0806451609375 0.7129032265624999 0.1268817203125 0.7161290328125001 0.140860215625 0.5 0.09462365625 0.49677419375 0.0806451609375 0.7129032265624999
10 0.43978494687499997 0.761290321875 0.462365590625 0.3935483875 0.38387096718749997 0.3892473125 0.361290321875 0.756989246875 0.43978494687499997 0.761290321875
10 0.08817204375 0.7129032265624999 0.0892473125 0.38387096718749997 0.0215053765625 0.38387096718749997 0.0204301078125 0.7129032265624999 0.08817204375 0.7129032265624999
10 0.256989246875 0.737634409375 0.28064516093749997 0.2838709671875 0.19677419375 0.2795698921875 0.1731182796875 0.7333333328125 0.256989246875 0.737634409375