13 0.15591397812500002 0.8397849468749999 0.19139785 0.848387096875 0.2204301078125 0.7215053765625 0.18494623593749998 0.7129032265624999 0.15591397812500002 0.8397849468749999
13 0.1935483875 0.845161290625 0.22688172031249998 0.8526881718749999 0.255913978125 0.7268817203125 0.22258064531250002 0.7193548390625 0.1935483875 0.845161290625
13 0.23010752656250003 0.847311828125 0.2677419359375 0.855913978125 0.29677419375 0.7290322578125 0.25913978437499996 0.7204301078124999 0.23010752656250003 0.847311828125
13 0.2655913984375 0.8634408609375 0.31182795625000004 0.8741935484375001 0.343010753125 0.738709678125 0.29677419375 0.7279569890625 0.2655913984375 0.8634408609375
13 0.1838709671875 0.70967741875 0.3182795703125 0.7268817203125 0.3236559140625 0.6774193546875 0.1892473125 0.6602150531250001 0.1838709671875 0.70967741875
13 0.1935483875 0.659139784375 0.32688172031249996 0.6763440859375 0.3333333328125 0.6268817203125 0.2 0.60967741875 0.1935483875 0.659139784375
13 0.20537634374999997 0.6107526875 0.39032258125 0.6150537640625 0.39247311875 0.5698924734374999 0.20752688125000002 0.5655913984375001 0.20537634374999997 0.6107526875
13 0.20860215000000001 0.549462365625 0.3731182796875 0.5806451609375001 0.3827956984375 0.5301075265625 0.2182795703125 0.49892473125 0.20860215000000001 0.549462365625
13 0.543010753125 0.1268817203125 0.2741935484375 0.1268817203125 0.2741935484375 0.19032258124999998 0.543010753125 0.19032258124999998 0.543010753125 0.1268817203125
13 0.504301075 0.0784946234375 0.2817204296875 0.0784946234375 0.2817204296875 0.13333333281249998 0.504301075 0.13333333281249998 0.504301075 0.0784946234375
10 0.240860215625 0.43870967812500006 0.6064516125 0.458064515625 0.6107526875 0.37419354843749997 0.24516129062499997 0.354838709375 0.240860215625 0.43870967812500006
10 0.2870967734375 0.08817204375 0.6150537640625 0.08817204375 0.6150537640625 0.0204301078125 0.2870967734375 0.0204301078125 0.2870967734375 0.08817204375
10 0.261290321875 0.256989246875 0.7150537640625 0.28064516093749997 0.7193548390625 0.19677419375 0.2655913984375 0.1731182796875 0.261290321875 0.256989246875