1 0.2849462359375 0.2204301078125 0.2258064515625 0.2182795703125 0.2204301078125 0.46129032187499996 0.2795698921875 0.4634408609375 0.2849462359375 0.2204301078125
7 0.8956989249999999 0.2182795703125 0.8752688171875 0.2182795703125 0.8655913984374999 0.5064516125 0.8860215046875 0.5064516125 0.8956989249999999 0.2182795703125
7 0.762365590625 0.20752688125000002 0.738709678125 0.20752688125000002 0.7301075265625 0.6784946234375 0.753763440625 0.6784946234375 0.762365590625 0.20752688125000002
7 0.640860215625 0.19892473125000001 0.6215053765625 0.19892473125000001 0.604301075 0.6698924734375 0.6236559140625 0.6698924734375 0.640860215625 0.19892473125000001
7 0.5129032265625 0.19677419375 0.49032258124999994 0.19677419375 0.4720430109375 0.6634408609375 0.49462365625000004 0.6634408609375 0.5129032265625 0.19677419375
7 0.3827956984375 0.18817204375000002 0.36236559062499996 0.18817204375000002 0.350537634375 0.6150537640625 0.3709677421875 0.6150537640625 0.3827956984375 0.18817204375000002
7 0.2322580640625 0.18279569843750001 0.2107526875 0.18279569843750001 0.195698925 0.6053763437499999 0.21720430156249998 0.6053763437499999 0.2322580640625 0.18279569843750001
7 0.0784946234375 0.16344086093750002 0.060215053124999994 0.16344086093750002 0.044086021875 0.595698925 0.062365590625 0.595698925 0.0784946234375 0.16344086093750002
10 0.746236559375 0.20752688125000002 0.69032258125 0.2064516125 0.6752688171875 0.6333333328124999 0.7311827953125001 0.6344086015625 0.746236559375 0.20752688125000002
10 0.5666666671875 0.20860215000000001 0.50860215 0.2064516125 0.4870967734375 0.643010753125 0.5451612906250001 0.645161290625 0.5666666671875 0.20860215000000001
2 0.49032258124999994 0.2161290328125 0.44193548437499997 0.2150537640625 0.4279569890625 0.5795698921875 0.4763440859375 0.5806451609375001 0.49032258124999994 0.2161290328125