6 0.11952861875000001 0.2490887 0.0959595953125 0.25394896718750004 0.11952861875000001 0.5504252734375 0.14309764375 0.54556500625 0.11952861875000001 0.2490887
12 0.20370370312500002 0.183475090625 0.1515151515625 0.1907654921875 0.1952861953125 0.8055893078125 0.24747474687499998 0.79829890625 0.20370370312500002 0.183475090625
12 0.1447811453125 0.6038882140624999 0.10016834999999999 0.6111786140625 0.11784511718749999 0.88942891875 0.1624579125 0.8821385171875 0.1447811453125 0.6038882140624999
12 0.27272727343750003 0.92102065625 0.275252525 0.95261239375 0.44360269375000005 0.9283110578124999 0.441077440625 0.8967193203124999 0.27272727343750003 0.92102065625
12 0.4873737375 0.5990279468749999 0.459595959375 0.6038882140624999 0.4764309765625 0.8578371812500001 0.5042087546875 0.8529769140625 0.4873737375 0.5990279468749999
12 0.6010101015625 0.8736330499999999 0.602693603125 0.9052247875000001 0.7702020203125 0.8809234515625001 0.76851851875 0.8493317125000001 0.6010101015625 0.8736330499999999
6 0.7836700343749999 0.057108140625000005 0.7516835015625001 0.0619684078125 0.7769360265625 0.3900364515625 0.8089225593749999 0.385176184375 0.7836700343749999 0.057108140625000005
6 0.847643096875 0.0425273390625 0.8164983171875001 0.0486026734375 0.8409090906250001 0.3766707171875 0.8720538718749999 0.37059538281250004 0.847643096875 0.0425273390625
5 0.8122895625 0.46901579531250004 0.7819865312500001 0.47387606250000003 0.8139730640625 0.8408262453124999 0.8442760937499999 0.8359659781250001 0.8122895625 0.46901579531250004
1 0.53114478125 0.0801944109375 0.47979797968750004 0.0874848109375 0.5134680140625 0.5285540703125 0.5648148140625 0.52126366875 0.53114478125 0.0801944109375
1 0.446969696875 0.0984204125 0.396464646875 0.10692588125 0.43602693593749997 0.5467800734375 0.4865319859375 0.5382746046875 0.446969696875 0.0984204125