12 0.112593828125 0.298397040625 0.1392827359375 0.326757090625 0.25938281875 0.077681875 0.2326939109375 0.049321825 0.112593828125 0.298397040625
5 0.035863218749999995 0.7274969171875 0.06672226875000001 0.759556103125 0.2293577984375 0.418002465625 0.19849874843749998 0.38594327968750003 0.035863218749999995 0.7274969171875
6 0.0008340281249999999 0.553637484375 0.0183486234375 0.581997534375 0.12677231093750002 0.3403205921875 0.0975813171875 0.31196054218749997 0.0008340281249999999 0.553637484375
6 0.5212677234374999 0.47348951875 0.5529607999999999 0.5067817515625 0.708924103125 0.1775585703125 0.6772310265625 0.1442663375 0.5212677234374999 0.47348951875
5 0.3110925765625 0.9346485812499999 0.3402835703125 0.9642416765625 0.5087572984375 0.5930949437499999 0.4795663046875 0.56350185 0.3110925765625 0.9346485812499999
6 0.3869891578125 0.9667077687500001 0.41701417812499997 0.9963008625 0.5688073390625 0.6658446359375 0.53878231875 0.636251540625 0.3869891578125 0.9667077687500001
6 0.597164303125 0.5277435265625 0.629691409375 0.5585696671875 0.773978315625 0.2231812578125 0.741451209375 0.1923551171875 0.597164303125 0.5277435265625
12 0.8315262718750001 0.2133168921875 0.81818181875 0.24167694218750002 0.9858215171875001 0.4044389640625 0.999165971875 0.376078915625 0.8315262718750001 0.2133168921875
1 0.739783153125 0.9864364984374999 0.7898248546875 1 0.8907422859375 0.8273736125 0.840700584375 0.775585696875 0.739783153125 0.9864364984374999
12 0.8824020015625 0.7028360046875 0.9040867390624999 0.7237977812499999 0.9791492906249999 0.55117139375 0.9574645531250001 0.5302096171875 0.8824020015625 0.7028360046875
13 0.889074228125 0.7558569671875001 0.9165971640624999 0.781750925 1 0.565967940625 0.987489575 0.5400739828125001 0.889074228125 0.7558569671875001
12 0.4211843203125 0.9765721328125 0.44036697187499996 0.997533909375 0.49040867343750005 0.898890259375 0.471226021875 0.8779284828125 0.4211843203125 0.9765721328125