13 0.3951137328125 0.6960667468749999 0.41196293125 0.7056019078125 0.4439764109375 0.58402860625 0.42712721093750006 0.5744934453125 0.3951137328125 0.6960667468749999
13 0.4128053921875 0.7032181171875 0.43133951093749995 0.7139451734375 0.46335299062499996 0.593563765625 0.444818871875 0.5828367109375 0.4128053921875 0.7032181171875
2 0.0370682390625 0.5506555421875 0.0926705984375 0.5804529203125 0.234203875 0.038140643749999995 0.1786015171875 0.008343265625 0.0370682390625 0.5506555421875
12 0.08171861875 0.6841477953124999 0.07160909843749999 0.7222884390625001 0.24515585468749998 0.8200238375 0.255265375 0.7818831937499999 0.08171861875 0.6841477953124999
1 0.3563605734375 0.45768772343749997 0.41027801249999996 0.48748510156249997 0.5265374890625 0.045292014062500004 0.47262005 0.015494635937500001 0.3563605734375 0.45768772343749997
1 0.4431339515625 0.505363528125 0.498736309375 0.532777115625 0.6116259484375 0.0858164484375 0.5560235890625 0.0584028609375 0.4431339515625 0.505363528125
12 0.30160067343749997 0.767580453125 0.3319292328125 0.7842669843750001 0.40269587187500006 0.5315852203125 0.3723673125 0.5148986890625 0.30160067343749997 0.767580453125
6 0.748946925 0.5423122765625 0.7851727046875 0.5613825984374999 0.8719460828125 0.22288438593749998 0.835720303125 0.2038140640625 0.748946925 0.5423122765625
6 0.82645324375 0.5375446953125 0.8601516421875001 0.5554231234375 0.944397640625 0.2348033375 0.9106992421875001 0.2169249109375 0.82645324375 0.5375446953125
6 0.6360572875 0.9690107265625001 0.67144060625 0.9880810484375001 0.762426284375 0.6495828359375 0.727042965625 0.630512515625 0.6360572875 0.9690107265625001
6 0.7169334453125 0.9725864124999999 0.7506318453125 0.98927294375 0.83487784375 0.6674612640625 0.80117944375 0.6507747312500001 0.7169334453125 0.9725864124999999