6 0.1029535859375 0.422382671875 0.1367088609375 0.4271961484375 0.160337553125 0.07821901249999999 0.126582278125 0.0734055359375 0.1029535859375 0.422382671875
5 0.1755274265625 0.4488567984375 0.2067510546875 0.4524669078125 0.23291139218749998 0.0421179296875 0.20168776406250002 0.038507821875 0.1755274265625 0.4488567984375
6 0.0675105484375 0.8868832734375 0.10126582343749999 0.8916967515625001 0.12995780625 0.5282791812500001 0.09620253125 0.5234657046875 0.0675105484375 0.8868832734375
5 0.1417721515625 0.93381468125 0.17299578124999998 0.9374247890625 0.195780590625 0.543922984375 0.16455696250000001 0.5403128765625 0.1417721515625 0.93381468125
12 0.27679324843750003 0.0252707578125 0.273417721875 0.060168471875 0.4590717296875 0.092659446875 0.4624472578125 0.0577617328125 0.27679324843750003 0.0252707578125
8 0.48354430312499996 0.4199759328125 0.508860759375 0.422382671875 0.5291139234375 0.0974729234375 0.50379746875 0.0950661859375 0.48354430312499996 0.4199759328125
12 0.6708860765625 0.08784596875 0.6675105484375 0.12394705156250001 0.8514767937500001 0.160048134375 0.8548523203125 0.12394705156250001 0.6708860765625 0.08784596875
8 0.8413502109375001 0.5138387484375 0.8666666671875 0.5174488562499999 0.891983121875 0.20577617343750002 0.8666666671875 0.202166065625 0.8413502109375001 0.5138387484375
10 0.8810126578125 0.8820697953125001 0.9586497890624999 0.8916967515625001 0.995780590625 0.3044524671875 0.918143459375 0.2948255109375 0.8810126578125 0.8820697953125001
3 0.5063291140625 0.950661853125 0.556962025 0.9578820703125001 0.5890295359375 0.48616125156249995 0.5383966250000001 0.478941034375 0.5063291140625 0.950661853125
8 0.439662446875 0.9867629359375 0.46582278437499997 0.99037304375 0.48691983125 0.676293621875 0.46075949375 0.6726835140625 0.439662446875 0.9867629359375