12 0.8172043015625 0.31612903281250004 0.843010753125 0.3204301078125 0.845161290625 0.30860215 0.8193548390625001 0.30430107500000003 0.8172043015625 0.31612903281250004
12 0.1258064515625 0.8172043015625 0.00107526875 0.8172043015625 0.00107526875 0.8935483874999999 0.1258064515625 0.8935483874999999 0.1258064515625 0.8172043015625
11 0.9978494625 0.3774193546875 0.8397849468749999 0.3774193546875 0.8397849468749999 0.454838709375 0.9978494625 0.454838709375 0.9978494625 0.3774193546875
11 0.60967741875 0.39462365625 0.8161290328125 0.4365591390625 0.8225806453125 0.40107526875 0.6161290328125 0.359139784375 0.60967741875 0.39462365625
11 0.58817204375 0.35161290312500004 0.8311827953125001 0.40107526875 0.8376344093749999 0.36666666718749996 0.59462365625 0.3172043015625 0.58817204375 0.35161290312500004
13 0.3860215046875 0.3204301078125 0.5419354843749999 0.354838709375 0.547311828125 0.3290322578125 0.39139785 0.29462365625000003 0.3860215046875 0.3204301078125
13 0.395698925 0.29677419375 0.549462365625 0.33010752656250003 0.554838709375 0.30537634375 0.40107526875 0.2720430109375 0.395698925 0.29677419375
13 0.38387096718749997 0.33870967812499997 0.46989247343749996 0.356989246875 0.47419354843750006 0.33870967812499997 0.38817204375 0.3204301078125 0.38387096718749997 0.33870967812499997
13 0.3806451609375 0.359139784375 0.4645161296875 0.3774193546875 0.4688172046875 0.356989246875 0.3849462359375 0.33870967812499997 0.3806451609375 0.359139784375
12 0.195698925 0.31182795625000004 0.34838709687499997 0.34838709687499997 0.356989246875 0.30967741875 0.204301075 0.2731182796875 0.195698925 0.31182795625000004
12 0.21720430156249998 0.2731182796875 0.349462365625 0.30537634375 0.359139784375 0.2645161296875 0.22688172031249998 0.2322580640625 0.21720430156249998 0.2731182796875
12 0.10322580625 0.3107526875 0.1204301078125 0.3279569890625 0.1806451609375 0.26344086093749997 0.16344086093750002 0.246236559375 0.10322580625 0.3107526875
12 0.0677419359375 0.2978494625 0.09139785 0.3204301078125 0.160215053125 0.246236559375 0.1365591390625 0.2236559140625 0.0677419359375 0.2978494625