11 1 0.23440860156249999 0.9698924734375 0.23440860156249999 0.9698924734375 0.3139784953125 1 0.3139784953125 1 0.23440860156249999
12 1 0.39247311875 0.9870967734375 0.39247311875 0.9870967734375 0.4268817203125 1 0.4268817203125 1 0.39247311875
12 1 0.3763440859375 0.9774193546875001 0.3763440859375 0.9774193546875001 0.4204301078125 1 0.4204301078125 1 0.3763440859375
12 1 0.554838709375 0.9838709671875 0.554838709375 0.9838709671875 0.60322580625 1 0.60322580625 1 0.554838709375
4 0.6215053765625 1 0.6215053765625 0.8806451609374999 0.5634408609375 0.8806451609374999 0.5634408609375 1 0.6215053765625 1
4 0.5870967734375 0.8784946234375001 0.5290322578125 0.8784946234375001 0.5290322578125 0.99892473125 0.5870967734375 0.99892473125 0.5870967734375 0.8784946234375001
12 0.9666666671874999 0.4129032265625 0.9763440859375001 0.41720430156250005 0.9946236562499999 0.37419354843749997 0.9849462359375 0.3698924734375 0.9666666671874999 0.4129032265625
4 0.5698924734374999 0.8612903218750001 0.604301075 0.8709677421875 0.651612903125 0.7 0.6172043015625001 0.69032258125 0.5698924734374999 0.8612903218750001
12 0.955913978125 0.40752688125000003 0.9666666671874999 0.41182795624999996 0.9860215046875 0.3688172046875 0.9752688171875 0.3645161296875 0.955913978125 0.40752688125000003
12 0.945161290625 0.40537634375 0.956989246875 0.41075268749999994 0.9774193546875001 0.3645161296875 0.9655913984375 0.359139784375 0.945161290625 0.40537634375
12 0.9354838703125001 0.4 0.947311828125 0.40537634375 0.9677419359374999 0.359139784375 0.955913978125 0.353763440625 0.9354838703125001 0.4
12 0.9247311828125 0.39247311875 0.938709678125 0.39892473125 0.956989246875 0.353763440625 0.943010753125 0.347311828125 0.9247311828125 0.39247311875
12 0.9075268812499999 0.559139784375 0.9279569890625 0.5677419359375 0.9612903218750001 0.49462365625000004 0.940860215625 0.4860215046875 0.9075268812499999 0.559139784375
11 0.8774193546875001 0.5698924734374999 0.8978494625 0.5795698921875 0.9505376343749999 0.4645161296875 0.9301075265625001 0.454838709375 0.8774193546875001 0.5698924734374999
11 0.8462365593750001 0.5655913984375001 0.8741935484375001 0.5784946234375 0.953763440625 0.40430107499999995 0.9258064515625 0.39139785 0.8462365593750001 0.5655913984375001
12 0.9215053765624999 0.5795698921875 0.940860215625 0.5892473125000001 0.9860215046875 0.49139784999999997 0.9666666671874999 0.48172042968750006 0.9215053765624999 0.5795698921875
12 0.945161290625 0.5784946234375 0.962365590625 0.5870967734375 0.9946236562499999 0.5204301078125 0.9774193546875001 0.51182795625 0.945161290625 0.5784946234375
2 0.5161290328125 0.551612903125 0.6236559140625 0.6053763437499999 0.6344086015625 0.5817204296875 0.5268817203125 0.5279569890625 0.5161290328125 0.551612903125
2 0.4720430109375 0.49462365625000004 0.5892473125000001 0.5655913984375001 0.6053763437499999 0.539784946875 0.48817204375 0.4688172046875 0.4720430109375 0.49462365625000004
2 0.4236559140625 0.4268817203125 0.5376344093750001 0.5021505375 0.5526881718750001 0.4784946234375 0.43870967812500006 0.40322580625000004 0.4236559140625 0.4268817203125
2 0.3333333328125 0.36666666718749996 0.46989247343749996 0.42473118281250005 0.48172042968750006 0.39677419375 0.345161290625 0.33870967812499997 0.3333333328125 0.36666666718749996
2 0.4344086015625 0.352688171875 0.59139785 0.40430107499999995 0.6021505375 0.3698924734375 0.44516129062500004 0.3182795703125 0.4344086015625 0.352688171875