2 0.156989246875 1 0.156989246875 0.9612903218750001 0.1193548390625 0.9612903218750001 0.1193548390625 1 0.156989246875 1
2 0.20967741874999998 1 0.20967741874999998 0.937634409375 0.148387096875 0.937634409375 0.148387096875 1 0.20967741874999998 1
2 0.256989246875 1 0.256989246875 0.945161290625 0.19677419375 0.945161290625 0.19677419375 1 0.256989246875 1
12 0.2139784953125 0.9258064515625 0.2279569890625 0.9236559140624999 0.2161290328125 0.8655913984374999 0.20215053749999998 0.8677419359374999 0.2139784953125 0.9258064515625
2 0.240860215625 0.9817204296875 0.2698924734375 0.9752688171875 0.238709678125 0.8247311828124999 0.20967741874999998 0.8311827953125001 0.240860215625 0.9817204296875
4 0.0247311828125 0.49892473125 0.00107526875 0.49892473125 0.00107526875 0.5731182796875001 0.0247311828125 0.5731182796875001 0.0247311828125 0.49892473125
4 0.0795698921875 0.4150537640625 0.00107526875 0.4150537640625 0.00107526875 0.5795698921875 0.0795698921875 0.5795698921875 0.0795698921875 0.4150537640625
2 0.140860215625 0.754838709375 0.1763440859375 0.7354838703125 0.0870967734375 0.5655913984375001 0.051612903125 0.5849462359375 0.140860215625 0.754838709375
12 0.5602150531250001 0.038709678125 0.5688172046875 0.043010753125 0.5838709671875 0.0107526875 0.5752688171875 0.0064516124999999995 0.5602150531250001 0.038709678125
12 0.6784946234375 0.0763440859375 0.6838709671875 0.0817204296875 0.7064516125 0.056989246874999996 0.70107526875 0.051612903125 0.6784946234375 0.0763440859375
12 0.6849462359375 0.0806451609375 0.69247311875 0.0870967734375 0.7193548390625 0.056989246874999996 0.71182795625 0.050537634374999994 0.6849462359375 0.0806451609375
12 0.651612903125 0.0709677421875 0.6612903218749999 0.0741935484375 0.6709677421875 0.038709678125 0.6612903218749999 0.0354838703125 0.651612903125 0.0709677421875