2 1 0.060215053124999994 0.9817204296875 0.060215053124999994 0.9817204296875 0.0892473125 1 0.0892473125 1 0.060215053124999994
2 1 0.09139785 0.9817204296875 0.09139785 0.9817204296875 0.1182795703125 1 0.1182795703125 1 0.09139785
2 0.058064515625 0.448387096875 0.0021505375 0.448387096875 0.0021505375 0.5204301078125 0.058064515625 0.5204301078125 0.058064515625 0.448387096875
2 0.6849462359375 0.0021505375 0.5612903218749999 0.0021505375 0.5612903218749999 0.0720430109375 0.6849462359375 0.0720430109375 0.6849462359375 0.0021505375
2 0.7150537640625 0.34408602187500004 0.8268817203125 0.2720430109375 0.8118279562499999 0.249462365625 0.7 0.3215053765625 0.7150537640625 0.34408602187500004
2 0.6978494625 0.3225806453125 0.8247311828124999 0.23333333281250002 0.80967741875 0.2107526875 0.6827956984375 0.3 0.6978494625 0.3225806453125
2 0.7483870968749999 0.1795698921875 0.8860215046875 0.09139785 0.8688172046875 0.0655913984375 0.7311827953125001 0.153763440625 0.7483870968749999 0.1795698921875
2 0.054838709375 0.295698925 0.22258064531250002 0.2 0.20537634374999997 0.1688172046875 0.037634409375 0.2645161296875 0.054838709375 0.295698925
2 0.255913978125 0.2677419359375 0.3806451609375 0.1752688171875 0.361290321875 0.14946236562499998 0.2365591390625 0.24193548437499998 0.255913978125 0.2677419359375
2 0.14731182812500002 0.4645161296875 0.2978494625 0.39139785 0.2849462359375 0.3634408609375 0.1344086015625 0.4365591390625 0.14731182812500002 0.4645161296875
2 0.32688172031249996 0.454838709375 0.462365590625 0.3774193546875 0.44516129062500004 0.349462365625 0.30967741875 0.4268817203125 0.32688172031249996 0.454838709375