2 1 0.4645161296875 0.8677419359374999 0.4645161296875 0.8677419359374999 0.5666666671875 1 0.5666666671875 1 0.4645161296875
2 0.2150537640625 1 0.2150537640625 0.99139785 0.18279569843750001 0.99139785 0.18279569843750001 1 0.2150537640625 1
2 0.246236559375 1 0.246236559375 0.9301075265625001 0.1204301078125 0.9301075265625001 0.1204301078125 1 0.246236559375 1
2 0.6881720437500001 1 0.6881720437500001 0.9021505375000001 0.50752688125 0.9021505375000001 0.50752688125 1 0.6881720437500001 1
2 0.5204301078125 0.9795698921874999 0.6602150531250001 0.90322580625 0.647311828125 0.8806451609374999 0.50752688125 0.956989246875 0.5204301078125 0.9795698921874999
2 0.3215053765625 0.9279569890625 0.4354838703125 0.8698924734375 0.4225806453125 0.8462365593750001 0.30860215 0.904301075 0.3215053765625 0.9279569890625
2 0.048387096875 0.760215053125 0.17419354843749998 0.69139785 0.162365590625 0.6698924734375 0.0365591390625 0.738709678125 0.048387096875 0.760215053125
2 0.0666666671875 0.7774193546875 0.1688172046875 0.7247311828125 0.159139784375 0.7043010749999999 0.056989246874999996 0.756989246875 0.0666666671875 0.7774193546875
2 0.038709678125 0.70107526875 0.1817204296875 0.60967741875 0.1698924734375 0.59139785 0.026881720312500003 0.6827956984375 0.038709678125 0.70107526875
2 0.0333333328125 0.738709678125 0.20967741874999998 0.640860215625 0.19462365625 0.6139784953125 0.0182795703125 0.71182795625 0.0333333328125 0.738709678125
2 0.049462365625 0.6655913984375 0.151612903125 0.595698925 0.137634409375 0.5752688171875 0.0354838703125 0.645161290625 0.049462365625 0.6655913984375
2 0.7182795703125 0.79892473125 0.8150537640625 0.738709678125 0.8021505375 0.7193548390625 0.70537634375 0.7795698921875001 0.7182795703125 0.79892473125
2 0.6967741937499999 0.743010753125 0.8344086015625001 0.654838709375 0.8236559140624999 0.637634409375 0.6860215046875 0.7258064515625 0.6967741937499999 0.743010753125
2 0.6978494625 0.7827956984375 0.8709677421875 0.6741935484375 0.854838709375 0.647311828125 0.6817204296875 0.7559139781249999 0.6978494625 0.7827956984375
2 0.555913978125 0.7172043015625 0.6838709671875 0.6333333328124999 0.6698924734375 0.61182795625 0.5419354843749999 0.6956989250000001 0.555913978125 0.7172043015625
2 0.5344086015625 0.69462365625 0.6655913984375 0.61182795625 0.6526881718750001 0.59139785 0.5215053765625 0.6741935484375 0.5344086015625 0.69462365625
2 0.5193548390625 0.6752688171875 0.6526881718750001 0.58817204375 0.637634409375 0.5655913984375001 0.504301075 0.6526881718750001 0.5193548390625 0.6752688171875
2 0.48064516093750004 0.6688172046874999 0.658064515625 0.550537634375 0.639784946875 0.5225806453125 0.462365590625 0.640860215625 0.48064516093750004 0.6688172046874999
2 0.2860215046875 0.5333333328125 0.4150537640625 0.47419354843750006 0.40430107499999995 0.44946236562499997 0.2752688171875 0.50860215 0.2860215046875 0.5333333328125
2 0.2784946234375 0.50322580625 0.39892473125 0.448387096875 0.38817204375 0.4236559140625 0.2677419359375 0.4784946234375 0.2784946234375 0.50322580625
2 0.50107526875 0.15806451562499998 0.7064516125 0.058064515625 0.69032258125 0.0247311828125 0.48494623593749997 0.1247311828125 0.50107526875 0.15806451562499998
2 0.547311828125 0.1698924734375 0.69139785 0.09892473125 0.6784946234375 0.0731182796875 0.5344086015625 0.144086021875 0.547311828125 0.1698924734375
2 0.5645161296875 0.195698925 0.7655913984375 0.10752688125000001 0.753763440625 0.0795698921875 0.5526881718750001 0.1677419359375 0.5645161296875 0.195698925
2 0.595698925 0.2139784953125 0.7935483875 0.1344086015625 0.7827956984375 0.10645161249999999 0.5849462359375 0.1860215046875 0.595698925 0.2139784953125
2 0.6311827953125 0.23010752656250003 0.8279569890625 0.156989246875 0.8161290328125 0.1268817203125 0.6193548390625 0.2 0.6311827953125 0.23010752656250003
2 0.6709677421875 0.248387096875 0.7967741937499999 0.20215053749999998 0.7870967734375001 0.1752688171875 0.6612903218749999 0.2215053765625 0.6709677421875 0.248387096875